<DATE>;<TIME>;<OPEN>;<HIGH>;<LOW>;<CLOSE>;<VOL>
06/05/15;000000;126.7000000;126.7400000;123.3700000;125.1000000;5882690
07/05/15;000000;124.6800000;126.0800000;124.0300000;125.1900000;3260988
08/05/15;000000;126.5500000;127.6000000;126.1300000;127.5500000;3553754
11/05/15;000000;127.3500000;127.5600000;125.6300000;126.3300000;2917048
12/05/15;000000;125.5850000;126.8800000;124.8200000;125.9200000;2999498
13/05/15;000000;126.2700000;127.1900000;125.8700000;125.9900000;2719595
14/05/15;000000;127.4300000;128.9400000;127.1600000;128.9400000;3049524
15/05/15;000000;129.1150000;129.4900000;128.2200000;128.7650000;2810014
18/05/15;000000;128.4750000;130.7200000;128.4600000;130.1600000;2999421
19/05/15;000000;130.6200000;130.8800000;129.6400000;130.1100000;2970067
20/05/15;000000;130.0400000;130.9800000;129.3400000;130.1300000;2251054
21/05/15;000000;130.0500000;131.6300000;129.8600000;131.4000000;2707085
22/05/15;000000;131.5900000;132.9700000;131.4100000;132.5500000;2569693
26/05/15;000000;132.6300000;132.9100000;129.1200000;129.6600000;4688241
27/05/15;000000;130.3500000;132.2600000;130.0500000;132.0100000;3097070
28/05/15;000000;131.8400000;131.9500000;131.1000000;131.7700000;2241170
29/05/15;000000;131.2600000;131.4500000;129.9000000;130.6000000;2689977
01/06/15;000000;131.2650000;131.3800000;130.0600000;130.5300000;2467013
02/06/15;000000;130.0500000;130.6550000;129.3200000;129.9500000;1883678
03/06/15;000000;130.7000000;130.9300000;129.9100000;130.1700000;2194837
04/06/15;000000;129.3500000;130.5800000;128.9100000;129.4500000;3103869
05/06/15;000000;129.4800000;129.6900000;128.3700000;128.6600000;2751432
08/06/15;000000;128.9400000;129.2100000;126.8400000;127.7700000;3399563
09/06/15;000000;126.7200000;128.0700000;125.6200000;127.4100000;3998136
10/06/15;000000;127.9800000;129.3400000;127.8500000;128.9100000;2674926
11/06/15;000000;129.1300000;130.1700000;128.4800000;128.5900000;2413383
12/06/15;000000;128.1700000;128.3200000;127.1200000;127.1500000;2375203
15/06/15;000000;126.0300000;127.2300000;125.7100000;126.9700000;2766301
16/06/15;000000;127.0300000;127.8450000;126.3700000;127.5800000;2029961
17/06/15;000000;127.7300000;127.8800000;126.7500000;127.3400000;2561940
18/06/15;000000;127.3300000;128.3100000;127.3100000;127.8300000;2431314
19/06/15;000000;127.6900000;127.8200000;126.5300000;126.5300000;2542749
22/06/15;000000;127.4800000;128.0550000;127.0900000;127.5100000;1936957
23/06/15;000000;127.4300000;127.5950000;126.8800000;127.0300000;2207164
24/06/15;000000;127.1800000;129.8000000;127.1500000;128.1600000;3858226
25/06/15;000000;128.8900000;129.1900000;127.5000000;127.5000000;2087785
26/06/15;000000;127.6700000;127.9800000;126.5100000;126.7600000;2389095
29/06/15;000000;125.5700000;126.4700000;124.5000000;124.5200000;3450527
30/06/15;000000;125.5700000;126.1200000;124.8600000;125.6400000;2733229
01/07/15;000000;126.9000000;126.9400000;125.9900000;126.5600000;2464935
02/07/15;000000;126.4300000;126.6900000;125.7700000;126.3600000;1850160
06/07/15;000000;124.9450000;126.2200000;124.8700000;125.9200000;2439224
07/07/15;000000;125.9500000;126.1300000;123.7700000;125.5700000;3120161
08/07/15;000000;124.4700000;124.6300000;122.5800000;122.5800000;5574829
09/07/15;000000;123.8800000;124.0600000;119.2300000;120.0600000;5605785
10/07/15;000000;122.0000000;123.8400000;121.2200000;123.2900000;4872801
13/07/15;000000;125.0000000;125.7500000;124.3200000;125.7100000;2384417
14/07/15;000000;125.2400000;126.3700000;125.0500000;125.6600000;1991369
15/07/15;000000;125.6800000;127.1500000;125.5900000;126.8300000;2189378
16/07/15;000000;127.7500000;128.5700000;127.3500000;128.4200000;2518932
17/07/15;000000;128.9000000;129.5900000;128.3100000;129.5600000;2847338
20/07/15;000000;130.9900000;132.9700000;130.7200000;132.0450000;3381178
21/07/15;000000;132.8500000;132.9000000;130.3250000;130.6800000;3480119
22/07/15;000000;122.0500000;125.4900000;122.0000000;125.1200000;7558699
23/07/15;000000;126.2100000;127.0800000;125.0800000;125.1300000;3374480
24/07/15;000000;125.3300000;125.7300000;123.9000000;124.3800000;3187287
27/07/15;000000;123.0400000;123.6000000;122.3900000;122.9000000;2905385
28/07/15;000000;123.3000000;123.9050000;122.5500000;123.3800000;2948057
29/07/15;000000;123.1200000;123.4900000;122.2700000;122.8300000;2359445
30/07/15;000000;122.3200000;122.5600000;121.7100000;122.4600000;3041430
31/07/15;000000;122.6000000;122.6000000;120.9100000;121.4000000;2783225
03/08/15;000000;121.4700000;122.5600000;117.5200000;118.4100000;5211724
04/08/15;000000;117.1700000;117.6900000;113.2500000;114.6400000;8723906
05/08/15;000000;112.9500000;117.4400000;112.1000000;115.3500000;7118518
06/08/15;000000;116.1000000;116.5000000;114.1200000;115.1600000;3488236
07/08/15;000000;114.5500000;116.2500000;114.5000000;115.5400000;3480677
10/08/15;000000;116.5900000;119.9850000;116.5400000;119.6800000;3098697
11/08/15;000000;117.8000000;118.1500000;113.3400000;113.5600000;7770186
12/08/15;000000;112.5300000;115.4100000;109.6400000;115.2300000;4244776
13/08/15;000000;116.1400000;116.3600000;114.5400000;115.2000000;4002628
14/08/15;000000;114.2100000;116.3000000;114.0700000;115.9600000;3016970
17/08/15;000000;116.0000000;117.6500000;115.5000000;117.1600000;3713158
18/08/15;000000;116.2000000;117.4200000;116.0600000;116.5200000;2286424
19/08/15;000000;115.8800000;116.5200000;114.6800000;115.0200000;4118024
20/08/15;000000;114.1800000;114.3400000;111.6400000;112.8700000;5019679
21/08/15;000000;110.4300000;111.8800000;107.6500000;107.7600000;2349324
24/08/15;000000;95.5700000;108.7900000;92.0000000;104.9900000;5611841
26/08/15;000000;107.0600000;109.7900000;105.0600000;109.6900000;6021925
27/08/15;000000;112.2300000;113.2400000;110.0200000;112.8400000;6014107
28/08/15;000000;112.1700000;113.3000000;111.5500000;113.2600000;3974654
31/08/15;000000;112.0100000;114.5200000;112.0000000;112.7300000;3729267
01/09/15;000000;110.3000000;111.8500000;107.5500000;107.6100000;4914121
02/09/15;000000;109.4100000;112.0500000;109.3100000;112.0400000;2734776
03/09/15;000000;112.4900000;112.7800000;110.0500000;110.3500000;2855296
04/09/15;000000;109.0200000;110.4500000;108.5200000;109.2400000;3244775
08/09/15;000000;111.7200000;112.5600000;110.3300000;112.2600000;3328303
09/09/15;000000;113.6700000;114.0000000;109.7800000;110.1500000;4723987
10/09/15;000000;110.3100000;113.2100000;109.9100000;112.4750000;4191706
11/09/15;000000;111.8900000;114.1700000;111.7600000;114.0900000;3898872
14/09/15;000000;116.5500000;116.8800000;114.8600000;115.3300000;3962279
15/09/15;000000;115.9600000;116.5300000;114.4300000;116.2300000;2858439
16/09/15;000000;116.2200000;116.5300000;115.4500000;116.3500000;2158118
17/09/15;000000;115.6700000;116.4700000;114.6700000;114.8900000;3215723
18/09/15;000000;113.6600000;114.3000000;113.3000000;113.4800000;2338855
21/09/15;000000;113.7300000;115.3700000;113.6700000;115.2200000;3539114
22/09/15;000000;113.3400000;114.1800000;112.5300000;113.3900000;3698048
23/09/15;000000;113.6300000;114.7200000;113.3000000;114.3300000;2819601
24/09/15;000000;113.2500000;115.4950000;112.3800000;115.2350000;3764136
25/09/15;000000;116.3700000;116.6900000;114.0200000;114.8600000;3999543
28/09/15;000000;113.8400000;114.5700000;112.4500000;112.4500000;3455765
29/09/15;000000;112.7300000;113.5100000;107.8600000;109.1900000;5817826
30/09/15;000000;110.3000000;111.5300000;108.7300000;109.9600000;5039263
01/10/15;000000;109.0400000;109.6200000;107.3100000;109.5300000;4133477
02/10/15;000000;108.0400000;111.0100000;107.5500000;110.3200000;4031469
12/10/15;000000;112.7300000;112.7500000;111.4500000;111.5700000;2031601
13/10/15;000000;110.8300000;112.4500000;110.6900000;111.7700000;2236822
14/10/15;000000;111.2800000;111.5000000;109.5600000;110.1900000;3325492
15/10/15;000000;110.9200000;112.1000000;110.5000000;111.8500000;2706729
16/10/15;000000;111.7800000;111.8900000;110.5400000;110.9800000;2614134
19/10/15;000000;110.8300000;111.7400000;110.1150000;111.7350000;2187335
20/10/15;000000;111.3300000;114.1700000;110.8300000;113.7800000;3320437
21/10/15;000000;113.9500000;115.5800000;113.7000000;113.8400000;3021958
22/10/15;000000;114.4100000;115.5000000;114.1100000;115.4450000;3513384
23/10/15;000000;116.7000000;119.2200000;116.3400000;119.1000000;3682865
26/10/15;000000;118.0800000;118.1200000;114.9300000;115.2600000;3618322
27/10/15;000000;115.4500000;116.5300000;113.9900000;114.5800000;3655272
28/10/15;000000;116.9300000;119.2400000;116.0700000;119.1550000;5180860
29/10/15;000000;118.7000000;120.6850000;118.2900000;120.5200000;3627808
30/10/15;000000;120.9600000;121.2200000;119.4700000;119.5000000;3577199
02/11/15;000000;119.8300000;121.3500000;119.6100000;121.1500000;1895005
03/11/15;000000;120.7800000;123.4800000;120.7000000;122.5500000;2426069
04/11/15;000000;123.1000000;123.8000000;121.6200000;121.9700000;2641939
05/11/15;000000;121.9300000;122.6800000;120.1900000;120.9000000;2860787
06/11/15;000000;121.1900000;121.8000000;120.6200000;120.9800000;2266012
09/11/15;000000;120.8200000;121.8100000;120.0600000;120.8300000;2192774
10/11/15;000000;116.9600000;118.0650000;116.0700000;116.5200000;3680215
11/11/15;000000;116.3800000;117.4200000;115.2100000;116.1500000;3192076
12/11/15;000000;116.0800000;116.8200000;115.6600000;115.8000000;1984931
13/11/15;000000;115.1900000;115.5500000;112.2800000;112.2800000;3245227
16/11/15;000000;111.2800000;114.2300000;111.0000000;114.1700000;1796690
17/11/15;000000;114.8700000;115.0400000;113.3200000;113.5500000;1775331
18/11/15;000000;115.7500000;117.4900000;115.7000000;117.2800000;3109706
19/11/15;000000;117.6600000;119.7400000;116.7700000;118.8300000;2315906
20/11/15;000000;119.2600000;119.9200000;118.8550000;119.1900000;1872761
23/11/15;000000;119.3600000;119.7100000;117.3500000;117.7600000;1803171
24/11/15;000000;117.1700000;119.3500000;117.1300000;118.8900000;2720960
25/11/15;000000;119.1500000;119.2200000;117.9200000;118.0500000;1330480
27/11/15;000000;118.2700000;118.4100000;117.6000000;117.8200000;777966
30/11/15;000000;117.8800000;119.4050000;117.8700000;118.3600000;2057529
01/12/15;000000;118.7600000;118.7800000;116.8700000;117.3100000;2033841
02/12/15;000000;117.0500000;118.1100000;116.0800000;116.3000000;1977510
03/12/15;000000;116.5400000;116.7800000;114.2400000;115.0100000;2618320
04/12/15;000000;115.2900000;119.2400000;115.1300000;119.0200000;3500919
07/12/15;000000;118.9600000;119.8600000;117.8300000;118.2600000;2316701
08/12/15;000000;117.4500000;118.5900000;116.8700000;118.2500000;2399420
09/12/15;000000;117.5700000;117.6800000;115.0800000;115.3200000;3437825
10/12/15;000000;116.1900000;116.9400000;115.5100000;116.1800000;1986128
11/12/15;000000;115.0000000;115.3800000;112.8600000;113.0700000;3712296
14/12/15;000000;111.9900000;112.6800000;109.7900000;112.3500000;4763976
15/12/15;000000;112.0300000;112.8000000;110.3500000;110.5150000;3962064
16/12/15;000000;111.1200000;111.9700000;108.8100000;111.3100000;4103586
17/12/15;000000;112.1100000;112.1400000;109.0000000;109.0000000;3017904
18/12/15;000000;108.7200000;109.5200000;105.8100000;105.8600000;4719302
21/12/15;000000;107.2700000;107.3500000;105.5800000;107.3200000;2584084
22/12/15;000000;107.4100000;107.7100000;106.4600000;107.2100000;2041430
23/12/15;000000;107.2600000;108.8450000;107.2600000;108.5200000;1946569
24/12/15;000000;108.9600000;108.9700000;107.9600000;108.0200000;809295
28/12/15;000000;107.5700000;107.6700000;106.1900000;106.8200000;1627408
29/12/15;000000;106.9700000;109.4300000;106.9400000;108.7100000;2249535
30/12/15;000000;108.5900000;108.6800000;107.1900000;107.3100000;1460546
31/12/15;000000;107.0200000;107.0200000;104.8200000;105.4000000;2732560
04/01/16;000000;102.4800000;105.3600000;102.0000000;105.3400000;3891905
05/01/16;000000;105.7500000;105.7800000;102.4200000;102.7100000;3225980
06/01/16;000000;100.4800000;102.3600000;99.8700000;100.6700000;4340198
07/01/16;000000;98.6900000;100.1200000;96.4400000;96.4800000;4703327
08/01/16;000000;98.4300000;99.1000000;96.7600000;97.0200000;5032036
11/01/16;000000;99.0600000;99.0600000;97.3400000;98.5400000;3494453
12/01/16;000000;100.4900000;100.6900000;98.8400000;100.0800000;3244718
13/01/16;000000;100.5400000;101.1900000;97.3300000;97.3900000;4188749
14/01/16;000000;97.8700000;100.4800000;95.7800000;99.5200000;2984417
15/01/16;000000;96.2000000;97.7000000;95.3700000;97.0300000;4234236
19/01/16;000000;98.4000000;98.6400000;95.5000000;96.6700000;3456298
20/01/16;000000;95.1000000;98.1800000;93.4200000;96.8400000;4911589
21/01/16;000000;97.1200000;97.8800000;94.9500000;96.2800000;3244754
22/01/16;000000;98.5600000;101.4600000;98.3800000;101.4300000;4580680
25/01/16;000000;101.5300000;101.5300000;99.3250000;99.4400000;2831418
26/01/16;000000;99.9300000;100.8800000;98.0800000;100.0200000;4176713
27/01/16;000000;96.0900000;96.6200000;93.3550000;93.4100000;7324869
28/01/16;000000;94.2000000;94.5100000;92.4000000;94.0700000;3305048
29/01/16;000000;94.6400000;97.2200000;94.5300000;97.1300000;4182340
01/02/16;000000;96.4600000;96.7050000;95.4100000;96.4000000;2339747
02/02/16;000000;95.4100000;96.0400000;94.2900000;94.4700000;2567432
03/02/16;000000;94.9300000;96.8400000;94.1100000;96.2900000;2672091
05/02/16;000000;94.7650000;94.9100000;93.6900000;93.8100000;1399201
08/02/16;000000;93.2400000;95.6900000;93.0500000;95.0400000;4091606
09/02/16;000000;94.3000000;95.9400000;93.9400000;95.0100000;3800702
10/02/16;000000;95.9200000;96.3500000;94.1000000;94.2700000;3852638
11/02/16;000000;93.7200000;94.6800000;92.5900000;93.6500000;4624489
12/02/16;000000;94.1800000;94.4900000;93.0200000;93.9800000;3365821
16/02/16;000000;95.0100000;96.8500000;94.6200000;96.5100000;3578459
17/02/16;000000;96.6700000;98.2100000;96.1600000;98.0500000;3298445
18/02/16;000000;98.8400000;98.8400000;96.1000000;96.2500000;3033918
19/02/16;000000;96.0200000;96.7500000;95.8100000;96.0300000;2758440
22/02/16;000000;96.2800000;96.8900000;95.9300000;96.8900000;2874056
23/02/16;000000;96.3800000;96.4900000;94.5500000;94.6900000;2270572
24/02/16;000000;93.9800000;96.3800000;93.3300000;96.1000000;2965215
25/02/16;000000;96.1800000;96.7500000;95.2600000;96.7500000;1957396
26/02/16;000000;97.1900000;98.0200000;96.5800000;96.9000000;2446539
29/02/16;000000;96.8700000;98.2300000;96.6500000;96.6600000;2411711
01/03/16;000000;97.6600000;100.7650000;97.4200000;100.5300000;3985135
02/03/16;000000;100.5200000;100.8900000;99.6500000;100.7300000;2261116
03/03/16;000000;100.5500000;101.7000000;100.4500000;101.4600000;2611150
04/03/16;000000;102.3800000;103.7400000;101.3800000;103.0300000;3448001
07/03/16;000000;102.5300000;102.8300000;100.9700000;101.8100000;2619778
08/03/16;000000;100.8300000;101.7600000;100.4000000;101.0500000;2153752
09/03/16;000000;101.3400000;101.5800000;100.2800000;101.0900000;1968582
10/03/16;000000;101.6200000;102.2400000;100.1500000;101.1700000;2586869
11/03/16;000000;102.2500000;102.2700000;101.5000000;102.2300000;1904851
14/03/16;000000;101.9500000;102.9100000;101.8000000;102.5200000;1550246
15/03/16;000000;103.9500000;105.1750000;103.8600000;104.5700000;2547120
16/03/16;000000;104.6200000;106.3100000;104.6000000;105.9600000;2608894
17/03/16;000000;105.4600000;106.4600000;104.9700000;105.8100000;1802091
18/03/16;000000;106.4200000;106.4700000;105.2000000;105.9300000;1964307
21/03/16;000000;105.3100000;105.9300000;105.1900000;105.8300000;5800
22/03/16;000000;105.2200000;107.2900000;105.2200000;106.7400000;2066234
23/03/16;000000;106.4700000;107.0700000;105.9100000;106.1100000;1700188
24/03/16;000000;105.5800000;106.2200000;104.8900000;105.6500000;1680859
28/03/16;000000;106.0100000;106.1900000;105.0700000;105.2000000;1415314
29/03/16;000000;104.9600000;107.7800000;104.9500000;107.6800000;2046222
30/03/16;000000;108.6400000;110.4100000;108.6000000;109.5900000;2904502
31/03/16;000000;109.7300000;109.9000000;108.8800000;108.9800000;1539938
01/04/16;000000;108.8300000;110.0000000;108.2000000;109.9900000;1759221
04/04/16;000000;110.4500000;112.1800000;110.3000000;111.0800000;2267562
05/04/16;000000;109.5900000;110.7300000;109.4300000;109.8000000;1816856
06/04/16;000000;110.2200000;110.9800000;109.2000000;110.9500000;1631562
07/04/16;000000;110.0500000;110.2500000;108.1300000;108.5600000;2155049
08/04/16;000000;108.9100000;109.7700000;108.1700000;108.6400000;1701698
11/04/16;000000;108.9200000;110.6100000;108.8400000;109.0400000;1731129
12/04/16;000000;109.4300000;110.5000000;108.6700000;110.4500000;1660706
13/04/16;000000;110.9800000;112.3400000;110.8700000;112.0500000;1943354
14/04/16;000000;111.6200000;112.3900000;111.3400000;112.1000000;1523781
15/04/16;000000;112.1100000;112.2800000;109.7400000;109.8100000;2890516
18/04/16;000000;108.8800000;108.9500000;106.9400000;107.4100000;2407943
19/04/16;000000;107.8700000;107.9100000;106.2500000;106.9500000;2070354
20/04/16;000000;106.6400000;108.0700000;106.0700000;107.1400000;1947318
21/04/16;000000;106.9300000;106.9300000;105.5250000;105.9900000;2059539
22/04/16;000000;105.0100000;106.4800000;104.6300000;105.6700000;2151938
25/04/16;000000;104.9000000;105.6500000;104.5100000;105.0700000;1673873
26/04/16;000000;104.0100000;105.2950000;104.0000000;104.3000000;2331111
27/04/16;000000;96.0200000;98.7000000;95.6900000;97.8100000;6586149
28/04/16;000000;97.6100000;97.8800000;94.2500000;94.8300000;5850347
29/04/16;000000;93.9800000;94.6800000;92.5200000;93.7500000;4550050
02/05/16;000000;93.9600000;94.0600000;92.4000000;93.6550000;2644195
03/05/16;000000;94.2200000;95.7400000;93.6800000;95.1900000;3236829
04/05/16;000000;95.1900000;95.8900000;93.8300000;94.2100000;2671794
05/05/16;000000;94.0000000;94.0150000;92.6900000;93.2200000;2121220
06/05/16;000000;93.3900000;93.4200000;91.8600000;92.6900000;2489004
09/05/16;000000;92.9900000;93.7700000;92.5900000;92.7900000;1828175
10/05/16;000000;93.3500000;93.5700000;92.1200000;93.4000000;1966674
11/05/16;000000;93.4400000;93.5650000;92.4600000;92.5200000;1767993
12/05/16;000000;92.7600000;92.7700000;89.4700000;90.3300000;4660650
13/05/16;000000;90.0050000;91.6700000;90.0000000;90.5200000;2849589
16/05/16;000000;92.3900000;94.3900000;91.6500000;93.8800000;3347744
17/05/16;000000;94.6200000;94.6800000;93.0100000;93.4800000;3233695
18/05/16;000000;94.1800000;95.2100000;93.9000000;94.5800000;3334972
19/05/16;000000;94.5700000;94.5800000;93.5750000;94.2100000;1896500
20/05/16;000000;94.6800000;95.4300000;94.6000000;95.2100000;2128349
23/05/16;000000;95.8700000;97.1800000;95.6800000;96.4500000;2188227
24/05/16;000000;97.2200000;98.0800000;96.8500000;97.8900000;2274167
25/05/16;000000;98.6100000;99.7300000;98.1100000;99.5900000;2402350
26/05/16;000000;99.6700000;100.7300000;98.6400000;100.4100000;2421560
27/05/16;000000;99.4200000;100.4700000;99.2600000;100.3300000;2965722
31/05/16;000000;99.6200000;100.4000000;98.8300000;99.8600000;2163665
01/06/16;000000;99.0000000;99.5400000;98.3300000;98.4300000;2299445
02/06/16;000000;97.6700000;97.8400000;96.6300000;97.7100000;2592315
03/06/16;000000;97.7900000;98.2600000;97.4600000;97.9100000;2674991
06/06/16;000000;97.9900000;99.1200000;97.5600000;98.6400000;2003584
07/06/16;000000;99.3100000;99.8700000;98.9600000;99.0400000;2008951
08/06/16;000000;99.1600000;99.5500000;98.6900000;98.9300000;1310518
09/06/16;000000;98.4700000;99.9900000;98.4700000;99.6700000;2534631
10/06/16;000000;98.5300000;99.3450000;98.4900000;98.8400000;2319044
13/06/16;000000;98.6000000;99.1200000;97.1000000;97.3700000;3783045
14/06/16;000000;97.3400000;98.4700000;96.7500000;97.4600000;2866374
15/06/16;000000;97.8500000;98.4100000;97.0300000;97.1600000;2489695
16/06/16;000000;96.4300000;97.7500000;96.0700000;97.5500000;3079446
17/06/16;000000;96.5600000;96.6400000;95.3050000;95.3500000;3214627
20/06/16;000000;96.0100000;96.5700000;95.0300000;95.0900000;2415337
21/06/16;000000;94.9400000;96.3500000;94.6900000;95.9200000;3543446
22/06/16;000000;96.3800000;96.8900000;95.3600000;95.5500000;2266958
23/06/16;000000;95.9900000;96.1000000;95.2500000;96.0900000;2701569
24/06/16;000000;92.9200000;94.6500000;92.6500000;93.3500000;5427268
27/06/16;000000;93.0500000;93.0500000;91.5000000;92.0300000;4413703
28/06/16;000000;92.9000000;93.6600000;92.1500000;93.5800000;3253329
29/06/16;000000;93.9400000;94.5500000;93.6350000;94.3900000;3150130
30/06/16;000000;94.4400000;95.7700000;94.3000000;95.6100000;2679120
01/07/16;000000;95.4900000;96.4600000;95.3300000;95.8950000;2372463
05/07/16;000000;95.4000000;95.4000000;94.4600000;95.0200000;1876429
06/07/16;000000;94.5900000;95.6600000;94.3700000;95.5200000;2885471
07/07/16;000000;95.7500000;96.4900000;95.6200000;95.9400000;1991234
08/07/16;000000;96.4700000;96.8900000;96.0600000;96.6800000;2506891
11/07/16;000000;97.3400000;97.4200000;96.9400000;96.9700000;785113
12/07/16;000000;97.1800000;97.7000000;97.1200000;97.4200000;2149210
13/07/16;000000;97.4000000;97.6500000;96.8450000;96.8700000;1700878
14/07/16;000000;97.3900000;98.9800000;97.3400000;98.7800000;3650540
15/07/16;000000;99.0400000;99.3000000;98.5000000;98.7800000;2066946
18/07/16;000000;98.7100000;100.1300000;98.6300000;99.8300000;3014216
19/07/16;000000;99.5600000;100.0000000;99.3500000;99.8900000;1681049
20/07/16;000000;99.9200000;100.4600000;99.7350000;99.9300000;2472476
21/07/16;000000;99.8600000;100.9900000;99.1400000;99.4100000;2381705
22/07/16;000000;99.2400000;99.2500000;98.3200000;98.6500000;2547319
25/07/16;000000;97.9900000;98.2300000;96.9300000;97.3300000;2096052
26/07/16;000000;96.8000000;97.9600000;96.4300000;96.6800000;3223260
27/07/16;000000;104.2600000;104.3500000;102.7500000;102.9900000;6013623
28/07/16;000000;102.8300000;104.4400000;102.8300000;104.3500000;2793856
29/07/16;000000;104.1200000;104.5400000;103.6800000;104.1900000;1820499
01/08/16;000000;104.4400000;106.1500000;104.4300000;106.0600000;2753914
02/08/16;000000;105.6100000;106.0600000;104.0000000;104.4600000;2605157
03/08/16;000000;104.8500000;105.8300000;104.8200000;105.7900000;2627215
04/08/16;000000;105.5500000;105.9950000;105.2900000;105.9000000;1860114
05/08/16;000000;106.2100000;107.6500000;106.1900000;107.4700000;2742315
08/08/16;000000;107.5500000;108.3600000;107.1600000;108.3600000;1784757
09/08/16;000000;108.2300000;108.9300000;108.0100000;108.8200000;2190658
10/08/16;000000;108.7000000;108.8900000;107.7700000;108.0000000;1929106
11/08/16;000000;108.5400000;108.9300000;107.9300000;107.9400000;1770165
12/08/16;000000;107.7900000;108.4350000;107.7800000;108.1600000;1354734
15/08/16;000000;108.1300000;109.5300000;108.1250000;109.5100000;2086664
16/08/16;000000;109.6700000;110.2300000;109.2100000;109.3900000;1831767
17/08/16;000000;109.1200000;109.3700000;108.3400000;109.1900000;2245527
18/08/16;000000;109.2100000;109.5900000;109.0300000;109.0800000;1421106
19/08/16;000000;108.7700000;109.6800000;108.3600000;109.3500000;2217667
23/08/16;000000;108.6300000;109.3200000;108.5700000;108.8200000;1783864
24/08/16;000000;108.5650000;108.7200000;107.6800000;108.0400000;1675745
25/08/16;000000;107.3600000;107.8700000;106.6900000;107.5900000;2024939
26/08/16;000000;107.4300000;107.9200000;106.3200000;106.9400000;2569761
29/08/16;000000;106.6200000;107.4400000;106.3000000;106.8200000;2047108
30/08/16;000000;105.8000000;106.5000000;105.5000000;106.0000000;1802612
31/08/16;000000;105.6500000;106.5600000;105.6500000;106.1400000;1948618
01/09/16;000000;106.1500000;106.7900000;105.6200000;106.7300000;2331510
02/09/16;000000;107.6500000;108.0000000;106.8200000;107.7300000;1936093
06/09/16;000000;107.8300000;108.2950000;107.5100000;107.6900000;1391124
07/09/16;000000;107.8300000;108.7500000;107.0700000;108.3900000;2973582
08/09/16;000000;107.2000000;107.2400000;105.2400000;105.5000000;3823233
09/09/16;000000;104.6400000;105.7200000;103.1400000;103.1700000;3766271
12/09/16;000000;102.6500000;105.7100000;102.5500000;105.4700000;3219877
13/09/16;000000;107.5300000;108.7900000;107.2600000;108.0700000;4267068
14/09/16;000000;108.6900000;113.0300000;108.6300000;111.7900000;8105505
15/09/16;000000;113.8600000;115.7200000;113.5900000;115.5800000;6273663
16/09/16;000000;115.1200000;116.1200000;114.0400000;114.9100000;3930023
19/09/16;000000;115.2600000;116.1700000;113.2500000;113.5400000;3304790
20/09/16;000000;113.0300000;114.1100000;112.5200000;113.5700000;2465603
21/09/16;000000;113.8400000;113.9800000;112.4500000;113.5100000;2644886
22/09/16;000000;114.2600000;114.9400000;114.0100000;114.6200000;2282297
23/09/16;000000;114.4800000;114.7800000;111.5500000;112.7000000;4429192
26/09/16;000000;111.6400000;113.3900000;111.5600000;112.8800000;2003895
27/09/16;000000;112.9700000;113.1700000;112.3400000;113.0900000;1797606
28/09/16;000000;113.6700000;114.6350000;113.4300000;113.9500000;2264474
29/09/16;000000;113.1700000;113.7900000;111.8000000;112.1700000;3194738
30/09/16;000000;112.5400000;113.3600000;111.8100000;113.0100000;2687928
03/10/16;000000;112.7400000;113.0400000;112.2800000;112.5300000;1718769
04/10/16;000000;113.0000000;114.3100000;112.6300000;113.0200000;2405038
05/10/16;000000;113.3900000;113.6400000;112.7000000;113.0400000;1740034
06/10/16;000000;113.6500000;114.3350000;113.1300000;113.9350000;2150826
07/10/16;000000;114.3200000;114.5600000;113.5100000;114.0300000;2016735
10/10/16;000000;115.0800000;116.7500000;114.7200000;116.0500000;2300968
11/10/16;000000;117.6100000;118.6800000;116.2100000;116.3500000;4141194
12/10/16;000000;117.3500000;117.9700000;116.7500000;117.3600000;2511061
13/10/16;000000;116.7800000;117.4300000;115.7300000;117.0000000;2798299
14/10/16;000000;117.8900000;118.1500000;117.1300000;117.6600000;2515460
17/10/16;000000;117.3300000;117.8300000;116.7800000;117.5600000;1553887
18/10/16;000000;118.0000000;118.2100000;117.4500000;117.4500000;1273048
19/10/16;000000;117.2800000;117.7500000;116.9200000;117.1200000;1362707
20/10/16;000000;116.8900000;117.3750000;116.3300000;117.0000000;2073967
21/10/16;000000;116.8150000;116.9100000;116.2900000;116.5200000;1278591
24/10/16;000000;117.1000000;117.7300000;117.0200000;117.6000000;1281217
25/10/16;000000;117.9650000;118.3500000;117.3100000;118.2600000;2260867
26/10/16;000000;114.2500000;115.7000000;113.3300000;115.5300000;3931832
27/10/16;000000;115.3400000;115.8600000;114.1000000;114.5100000;1601964
28/10/16;000000;113.8600000;115.2050000;113.4500000;113.7100000;2714996
31/10/16;000000;113.6100000;114.2300000;113.2200000;113.5700000;1403530
01/11/16;000000;113.5100000;113.7700000;110.5300000;111.4800000;3232623
02/11/16;000000;111.2550000;112.3400000;111.2400000;111.6100000;1890369
03/11/16;000000;110.9750000;111.4500000;109.5600000;109.8100000;1726295
04/11/16;000000;108.5200000;110.2500000;108.1100000;108.8400000;2097713
07/11/16;000000;110.0050000;110.5100000;109.4700000;110.4100000;1929182
08/11/16;000000;110.2800000;111.7100000;109.7000000;111.0500000;1725195
09/11/16;000000;109.8500000;111.3100000;108.0700000;110.8800000;4732986
10/11/16;000000;111.0700000;111.0800000;105.8300000;107.7900000;4889080
11/11/16;000000;107.0300000;108.8700000;106.5500000;108.4300000;2586037
14/11/16;000000;107.7100000;107.7900000;104.0900000;105.7100000;3966988
15/11/16;000000;106.5200000;107.6800000;106.1700000;107.1100000;2280173
16/11/16;000000;106.8500000;110.2300000;106.6200000;110.0400000;2807470
17/11/16;000000;109.8100000;110.3300000;108.8300000;109.9400000;1937213
18/11/16;000000;109.7500000;110.5300000;109.6700000;110.0600000;1535296
21/11/16;000000;110.0500000;111.9800000;110.0300000;111.7600000;1689988
22/11/16;000000;111.9600000;112.4100000;111.4100000;111.7700000;1418275
23/11/16;000000;111.3500000;111.4900000;110.3400000;111.2200000;1751901
25/11/16;000000;111.1900000;111.8600000;110.9600000;111.7800000;759492
28/11/16;000000;111.4400000;112.4600000;111.4300000;111.5700000;1592502
29/11/16;000000;110.7400000;112.0300000;110.0800000;111.4500000;2090915
30/11/16;000000;111.5800000;112.1900000;110.2750000;110.5500000;2280905
01/12/16;000000;110.3800000;110.9400000;109.0400000;109.4800000;2791220
02/12/16;000000;109.3000000;110.0750000;108.8500000;109.8800000;1858246
05/12/16;000000;109.4400000;109.7800000;108.8400000;109.1100000;1656090
06/12/16;000000;109.5000000;110.3550000;109.2000000;109.9200000;1859604
07/12/16;000000;109.2600000;111.1800000;109.2300000;111.0200000;2510171
08/12/16;000000;110.8000000;112.4300000;110.6000000;112.1000000;2345743
09/12/16;000000;112.4950000;114.6950000;112.4200000;113.9200000;2465683
12/12/16;000000;113.2900000;113.3100000;112.4900000;113.2800000;1961883
13/12/16;000000;113.8400000;115.9200000;113.7500000;115.1900000;3025342
14/12/16;000000;115.0400000;116.2000000;114.9800000;115.2000000;2964550
15/12/16;000000;115.4700000;116.7200000;115.3600000;115.8100000;2402103
16/12/16;000000;116.4700000;116.4900000;115.6500000;115.9700000;1817009
19/12/16;000000;115.8000000;117.3700000;115.7500000;116.6200000;1665655
20/12/16;000000;116.7350000;117.5000000;116.6900000;116.9300000;1223771
21/12/16;000000;116.8400000;117.4000000;116.7900000;117.0600000;1151456
22/12/16;000000;116.3500000;116.5000000;115.6500000;116.2800000;1693995
23/12/16;000000;115.8000000;116.5200000;115.8000000;116.5200000;870897
27/12/16;000000;116.5400000;117.8000000;116.5200000;117.2600000;1236316
28/12/16;000000;117.5500000;118.0000000;116.5800000;116.7500000;1599527
29/12/16;000000;116.4700000;117.0900000;116.4100000;116.7300000;1094772
30/12/16;000000;116.7100000;117.1900000;115.4300000;115.8700000;2556133
03/01/17;000000;115.8100000;116.3100000;114.7700000;116.0700000;3161699
04/01/17;000000;115.8500000;116.5000000;115.8500000;116.0200000;1693203
05/01/17;000000;115.9200000;116.8450000;115.8200000;116.6100000;1518298
06/01/17;000000;116.7500000;118.1500000;116.4900000;117.9000000;2765915
09/01/17;000000;118.0400000;119.4200000;117.9400000;119.0100000;2031882
10/01/17;000000;118.7700000;119.3750000;118.3200000;119.1000000;1626315
11/01/17;000000;118.7400000;119.9200000;118.6100000;119.7400000;3069381
12/01/17;000000;118.8100000;119.3000000;118.2100000;119.2400000;2062729
13/01/17;000000;119.1000000;119.6100000;118.8100000;119.0300000;2510098
17/01/17;000000;118.3400000;120.2300000;118.2500000;119.9400000;2195074
18/01/17;000000;120.0000000;120.4950000;119.7200000;119.9700000;1404926
19/01/17;000000;119.4500000;120.0900000;119.3800000;119.7700000;2277931
20/01/17;000000;120.3100000;120.3400000;119.7400000;119.9900000;2253228
23/01/17;000000;119.9650000;120.8000000;119.7700000;120.0900000;1395661
24/01/17;000000;119.5300000;120.1000000;119.5000000;119.9700000;1500533
25/01/17;000000;120.3800000;122.1000000;120.3100000;121.9000000;2339261
26/01/17;000000;121.7400000;122.4300000;121.6000000;121.9400000;2077470
27/01/17;000000;122.1400000;122.3300000;121.6100000;121.7500000;1816884
30/01/17;000000;120.9600000;121.6100000;120.6600000;121.5600000;3175297
31/01/17;000000;121.1500000;121.3900000;120.6300000;121.3000000;3714164
01/02/17;000000;127.0400000;130.4900000;127.0400000;128.8500000;8975391
02/02/17;000000;127.9800000;129.3800000;127.7900000;128.5000000;2092158
03/02/17;000000;128.3600000;129.1900000;128.1650000;129.0700000;1595539
06/02/17;000000;128.9500000;130.4900000;128.9200000;130.3100000;1388898
07/02/17;000000;130.5200000;132.0900000;130.4600000;131.5100000;1944874
08/02/17;000000;131.3600000;132.2150000;131.2200000;132.0400000;1215816
09/02/17;000000;131.6700000;132.4400000;131.1400000;132.4000000;1362332
10/02/17;000000;132.4300000;132.9400000;132.0600000;132.1000000;1121113
13/02/17;000000;133.0700000;133.8100000;132.7700000;133.3000000;1145586
14/02/17;000000;133.4300000;135.0850000;133.2600000;135.0100000;1708367
15/02/17;000000;135.5100000;136.2700000;134.6300000;135.5100000;1911237
16/02/17;000000;135.6800000;135.9000000;134.8400000;135.3500000;1302627
17/02/17;000000;135.1200000;135.7900000;135.1000000;135.7200000;1124430
21/02/17;000000;136.2600000;136.7500000;135.9800000;136.6700000;1125959
22/02/17;000000;136.4700000;137.1100000;136.1200000;137.1100000;377868
23/02/17;000000;137.3650000;137.4800000;136.3000000;136.5200000;1328895
24/02/17;000000;135.9100000;136.6500000;135.2800000;136.6400000;1406660
27/02/17;000000;137.0000000;137.4300000;136.2900000;136.9300000;1054231
28/02/17;000000;137.0800000;137.4300000;136.7000000;136.9800000;1348741
01/03/17;000000;137.8900000;140.1450000;137.6100000;139.7600000;2165739
02/03/17;000000;139.9700000;140.2700000;138.7600000;138.9700000;1822689
03/03/17;000000;138.7900000;139.8300000;138.6000000;139.7700000;1337944
06/03/17;000000;139.3650000;139.7700000;138.6000000;139.3200000;1106099
07/03/17;000000;139.0900000;139.9800000;138.8000000;139.4900000;1224540
08/03/17;000000;138.9000000;139.8000000;138.8300000;139.0100000;1292856
09/03/17;000000;138.7300000;138.7500000;137.0800000;138.6450000;1372219
10/03/17;000000;139.2700000;139.3500000;138.6400000;139.1500000;1450244
13/03/17;000000;138.8400000;139.4100000;138.8400000;139.1800000;1078668
14/03/17;000000;139.3200000;139.6500000;138.8500000;138.9800000;983743
15/03/17;000000;139.4400000;140.7500000;139.0300000;140.4500000;1641866
16/03/17;000000;140.7200000;141.0200000;140.2700000;140.6700000;1293008
17/03/17;000000;140.9500000;140.9500000;139.8900000;139.9000000;1295592
20/03/17;000000;140.4300000;141.4900000;140.2300000;141.4800000;1113864
21/03/17;000000;142.1400000;142.8000000;139.7400000;139.8500000;2703516
22/03/17;000000;139.8300000;141.6000000;139.7900000;141.4700000;1904460
23/03/17;000000;141.2900000;141.5800000;140.6200000;140.9300000;1655666
24/03/17;000000;141.4100000;141.7400000;140.3700000;140.7300000;1775569
27/03/17;000000;139.3800000;141.2100000;138.6400000;140.8800000;1717151
28/03/17;000000;140.9000000;144.0300000;140.6400000;143.8200000;2335040
29/03/17;000000;143.6800000;144.4900000;143.2000000;144.1500000;1795770
30/03/17;000000;144.1800000;144.5000000;143.5000000;143.9300000;1349541
31/03/17;000000;143.6500000;144.2700000;143.0500000;143.6900000;1200003
03/04/17;000000;143.6700000;144.1100000;143.0500000;143.6700000;1483107
04/04/17;000000;143.3000000;144.8900000;143.1800000;144.7600000;1374818
05/04/17;000000;144.6400000;145.4600000;143.8200000;144.0200000;1839750
06/04/17;000000;144.2800000;144.5200000;143.4600000;143.7100000;1479754
07/04/17;000000;143.7200000;144.1700000;143.2700000;143.3600000;1297633
10/04/17;000000;143.6000000;143.8500000;142.9100000;143.1700000;1308535
11/04/17;000000;142.9300000;143.3500000;140.0600000;141.6200000;2217550
12/04/17;000000;141.6000000;142.1500000;141.0200000;141.7000000;1896918
13/04/17;000000;142.1100000;142.3800000;141.0600000;141.0900000;1294746
17/04/17;000000;141.1800000;141.8700000;140.8700000;141.8400000;1248349
18/04/17;000000;141.4100000;142.0400000;141.1100000;141.2200000;1309868
19/04/17;000000;141.8400000;141.9900000;140.4600000;140.6600000;1369314
20/04/17;000000;141.2100000;142.9200000;141.2100000;142.5300000;1786094
21/04/17;000000;142.4800000;142.6700000;141.8500000;142.2700000;1396979
24/04/17;000000;143.5900000;143.9500000;143.2000000;143.6000000;1179298
25/04/17;000000;143.9100000;144.8950000;143.9000000;144.5400000;1285960
26/04/17;000000;144.5400000;144.6000000;143.3900000;143.6600000;1730275
27/04/17;000000;143.8900000;144.1500000;143.3100000;143.7700000;1169899
28/04/17;000000;144.0000000;144.2900000;143.2700000;143.6500000;1238319
01/05/17;000000;144.9900000;147.1900000;144.9600000;146.6400000;1855534
02/05/17;000000;147.5400000;148.0850000;146.8400000;147.4900000;2155022
03/05/17;000000;145.5300000;147.4900000;144.2800000;147.1100000;3135708
04/05/17;000000;146.5300000;147.1200000;145.8200000;146.5000000;2141333
05/05/17;000000;146.7700000;148.9750000;146.7700000;148.9500000;1662952
08/05/17;000000;149.0500000;153.6900000;149.0400000;153.0200000;2575128
09/05/17;000000;153.8700000;154.8700000;153.4600000;153.9700000;2293800
10/05/17;000000;153.6300000;153.9300000;152.1200000;153.2200000;1598807
11/05/17;000000;152.6700000;154.0600000;152.3100000;153.9500000;1436500
12/05/17;000000;154.8900000;156.4100000;154.8900000;156.1100000;1893157
15/05/17;000000;156.0100000;156.6400000;155.0500000;155.6900000;1502788
16/05/17;000000;155.9400000;156.0600000;154.7200000;155.4500000;1140305
17/05/17;000000;153.8700000;154.5500000;149.7100000;150.2500000;3170923
18/05/17;000000;151.2500000;153.3400000;151.1500000;152.4900000;2167023
19/05/17;000000;153.4000000;153.9700000;152.6400000;153.0400000;1747269
22/05/17;000000;154.0800000;154.5600000;152.9100000;153.9700000;1232952
23/05/17;000000;154.8600000;154.8800000;153.3200000;153.7700000;1221722
24/05/17;000000;153.8400000;154.1600000;152.6800000;153.3400000;1111664
25/05/17;000000;153.8000000;154.3400000;153.0400000;153.8800000;1149617
26/05/17;000000;153.8000000;154.2100000;153.3100000;153.5900000;999682
30/05/17;000000;153.4200000;154.4200000;153.3300000;153.7000000;1038863
31/05/17;000000;154.0800000;154.1600000;152.3800000;152.7800000;1266336
01/06/17;000000;153.1700000;153.3300000;152.2200000;153.0500000;1093498
02/06/17;000000;153.4000000;155.4400000;152.9000000;155.4200000;1445082
05/06/17;000000;154.3400000;154.4400000;153.4700000;153.9200000;1312030
06/06/17;000000;153.8400000;155.8100000;153.8000000;154.4500000;1336576
07/06/17;000000;155.0200000;155.9800000;154.4900000;155.3600000;997744
08/06/17;000000;155.2800000;155.5400000;154.4100000;154.9900000;1106358
09/06/17;000000;155.1100000;155.1800000;146.0500000;148.6300000;3220231
12/06/17;000000;145.6300000;146.0900000;142.5500000;145.4000000;4024016
13/06/17;000000;147.1600000;147.4500000;145.1600000;146.5800000;1551604
14/06/17;000000;147.4900000;147.4900000;143.8500000;145.1500000;1962014
15/06/17;000000;143.1500000;144.4700000;142.2100000;144.2900000;2125888
16/06/17;000000;143.7100000;144.4900000;142.2000000;142.2500000;2155967
19/06/17;000000;143.9800000;146.7400000;143.7300000;146.3900000;1743746
20/06/17;000000;146.8700000;146.8700000;144.9400000;145.0000000;1552131
21/06/17;000000;145.5300000;146.0600000;144.6100000;145.8800000;1197813
22/06/17;000000;145.7600000;146.6900000;145.1200000;145.6300000;1138011
23/06/17;000000;145.1600000;147.1550000;145.1200000;146.2900000;1255448
26/06/17;000000;147.1700000;148.2800000;145.3800000;145.8000000;1542352
27/06/17;000000;145.0000000;146.1500000;143.6300000;143.7700000;1730834
28/06/17;000000;143.9200000;146.1100000;143.1700000;145.8600000;1450590
29/06/17;000000;144.7400000;145.1000000;142.2900000;143.6800000;2234374
30/06/17;000000;144.7100000;144.9500000;143.7900000;144.0400000;1252260
03/07/17;000000;144.9700000;145.3000000;143.1100000;143.5000000;889930
05/07/17;000000;143.6750000;144.7800000;142.7600000;144.0900000;1295955
06/07/17;000000;143.0600000;143.4900000;142.4100000;142.7200000;1540619
07/07/17;000000;142.9500000;144.7450000;142.9000000;144.1500000;1205466
10/07/17;000000;144.1800000;145.9500000;143.3700000;145.1200000;1212195
11/07/17;000000;144.7100000;145.8400000;144.3800000;145.5500000;1280762
12/07/17;000000;145.8800000;146.1500000;144.8300000;145.7700000;1543469
13/07/17;000000;145.4700000;148.4850000;145.4700000;147.8200000;1678816
14/07/17;000000;148.0100000;149.3300000;147.3400000;149.1000000;1309838
17/07/17;000000;148.8900000;150.8600000;148.5900000;149.6000000;1226099
18/07/17;000000;149.2900000;150.1200000;148.6700000;150.0300000;1248008
19/07/17;000000;150.5350000;151.4200000;149.9600000;150.8900000;1153074
20/07/17;000000;151.6800000;151.7400000;150.2000000;150.3700000;1179646
21/07/17;000000;149.8700000;150.4400000;148.8800000;150.3000000;1352067
24/07/17;000000;150.5700000;152.4300000;150.0200000;152.1100000;1253817
25/07/17;000000;152.2700000;153.8300000;152.2700000;152.7600000;1205049
26/07/17;000000;153.4000000;153.9200000;153.0600000;153.5300000;844121
27/07/17;000000;153.9000000;153.9900000;147.3500000;150.4900000;2126645
28/07/17;000000;149.7700000;150.2250000;149.2000000;149.4900000;1059507
31/07/17;000000;149.9000000;150.3000000;148.1300000;148.7800000;1127936
01/08/17;000000;149.2800000;150.2100000;148.4100000;150.0400000;1552487
02/08/17;000000;159.5200000;159.7500000;156.1600000;157.1500000;3198297
03/08/17;000000;157.0400000;157.2000000;155.0200000;155.5300000;1640735
04/08/17;000000;156.0700000;157.3900000;155.7100000;156.3500000;1319685
07/08/17;000000;157.0200000;158.9200000;156.6800000;158.8000000;1013100
08/08/17;000000;158.6000000;161.8200000;158.2900000;160.1000000;2199081
09/08/17;000000;159.1500000;161.2700000;159.1100000;161.0800000;1611293
10/08/17;000000;159.9100000;159.9900000;154.6300000;155.3000000;2348413
11/08/17;000000;156.6300000;158.5700000;156.1300000;157.4800000;1572976
14/08/17;000000;159.3300000;160.2100000;158.7700000;159.8000000;1247417
15/08/17;000000;160.6100000;162.1900000;160.1400000;161.6200000;1616377
16/08/17;000000;161.9500000;162.5100000;160.1500000;160.9400000;1552974
17/08/17;000000;160.6500000;160.6800000;157.8500000;157.8950000;1884308
18/08/17;000000;157.8800000;159.4800000;156.7400000;157.5400000;1586534
21/08/17;000000;157.4800000;157.8900000;155.1200000;157.1600000;1593812
22/08/17;000000;158.2300000;160.0000000;158.0900000;159.7700000;1167113
23/08/17;000000;159.0700000;160.4700000;158.8800000;159.9600000;1016114
24/08/17;000000;160.4800000;160.7400000;158.5500000;159.3100000;1490438
25/08/17;000000;159.8200000;160.5600000;159.2700000;159.8600000;1264498
28/08/17;000000;160.1550000;161.9900000;159.9400000;161.4800000;1122721
29/08/17;000000;160.1100000;163.1200000;160.0100000;162.9200000;1667713
30/08/17;000000;163.7800000;163.8800000;162.6200000;163.3400000;1437759
31/08/17;000000;163.6300000;164.5200000;163.4900000;164.0500000;1415944
01/09/17;000000;164.7600000;164.9300000;163.6300000;164.0400000;1028171
05/09/17;000000;163.7000000;164.2400000;160.5600000;162.0800000;2099279
06/09/17;000000;162.7700000;162.9900000;160.5200000;161.8700000;1087243
07/09/17;000000;162.1000000;162.2200000;160.3700000;161.2500000;1421438
08/09/17;000000;160.9100000;161.1300000;158.5300000;158.6400000;1625075
11/09/17;000000;160.5300000;162.0400000;159.8900000;161.5000000;1752419
12/09/17;000000;162.7400000;163.9600000;158.7800000;160.8600000;3462400
13/09/17;000000;159.8300000;159.8700000;157.9100000;159.6200000;2854334
14/09/17;000000;159.0200000;159.4000000;158.0900000;158.2900000;1413007
15/09/17;000000;158.1200000;160.9600000;158.0100000;159.8500000;2071638
18/09/17;000000;160.1600000;160.4900000;157.9950000;158.6600000;1575111
19/09/17;000000;159.5100000;159.7500000;158.4400000;158.7100000;1123062
20/09/17;000000;158.0000000;158.2200000;153.8400000;156.0400000;2621717
21/09/17;000000;155.6400000;155.6500000;152.7500000;153.4100000;2079660
22/09/17;000000;152.0100000;152.2700000;150.5700000;151.7500000;2729062
25/09/17;000000;149.9900000;151.8100000;149.2000000;150.5900000;2355711
26/09/17;000000;151.8500000;153.9100000;151.6900000;153.2200000;2021040
27/09/17;000000;153.7900000;154.7100000;153.5500000;154.2300000;1589448
28/09/17;000000;153.9100000;154.2400000;152.7100000;153.2400000;1481673
29/09/17;000000;153.2200000;154.1200000;152.0000000;154.0600000;1588504
02/10/17;000000;154.2500000;154.4400000;152.7250000;153.8100000;1276087
03/10/17;000000;154.0000000;155.0800000;153.9700000;154.4900000;930000
04/10/17;000000;153.6400000;153.8600000;152.4600000;153.4500000;1111339
05/10/17;000000;154.1800000;155.4400000;154.0600000;155.4000000;1320025
06/10/17;000000;154.9600000;155.4800000;154.5600000;155.2900000;1018263
09/10/17;000000;155.8600000;156.7200000;155.4900000;155.8500000;942750
10/10/17;000000;155.9700000;158.0000000;155.1100000;155.9000000;787495
11/10/17;000000;156.0100000;156.9700000;155.7500000;156.5300000;961723
12/10/17;000000;156.3500000;157.3600000;155.7300000;156.0000000;1087300
13/10/17;000000;156.7500000;157.2700000;156.4200000;157.0000000;917272
16/10/17;000000;157.8500000;160.0000000;157.6500000;159.9500000;1315592
17/10/17;000000;159.7900000;160.8700000;159.2300000;160.4700000;905771
18/10/17;000000;160.4700000;160.6700000;159.6050000;159.7700000;1051776
19/10/17;000000;156.7200000;157.0800000;155.0300000;155.9700000;2290504
20/10/17;000000;157.0300000;157.7400000;155.9600000;156.2600000;1067525
23/10/17;000000;156.8400000;157.6800000;155.5300000;156.2000000;1275262
24/10/17;000000;156.2900000;157.4100000;156.2100000;157.0700000;920514
25/10/17;000000;157.0200000;157.5500000;155.2800000;156.4100000;1104735
26/10/17;000000;157.3200000;157.8100000;156.8100000;157.4400000;843480
27/10/17;000000;159.2400000;163.6000000;158.7100000;163.0300000;2329675
30/10/17;000000;163.9900000;168.0700000;163.7200000;166.7600000;2293200
31/10/17;000000;167.9700000;169.6400000;166.9400000;169.0400000;1733173
01/11/17;000000;169.8450000;169.9300000;165.6300000;166.8900000;1583711
02/11/17;000000;167.5100000;168.4800000;165.2800000;168.0300000;1449658
03/11/17;000000;174.0000000;174.2500000;171.1400000;172.5100000;1888387
06/11/17;000000;172.3100000;174.9800000;171.7500000;174.3200000;1454824
07/11/17;000000;173.8500000;175.2500000;173.6100000;174.8000000;989426
08/11/17;000000;174.6600000;176.2300000;174.3500000;176.2300000;1100776
09/11/17;000000;175.1400000;176.0800000;173.1400000;175.8400000;1328651
10/11/17;000000;175.1500000;175.3500000;174.2800000;174.6600000;899440
13/11/17;000000;173.5100000;174.4900000;173.4100000;174.0100000;930110
14/11/17;000000;173.0400000;173.4500000;171.1900000;171.3500000;1463321
15/11/17;000000;169.9600000;170.3100000;168.4000000;169.0800000;1585522
16/11/17;000000;171.1300000;171.8700000;170.3100000;171.1000000;1349569
17/11/17;000000;171.0500000;171.3850000;169.6600000;170.1600000;1270850
20/11/17;000000;170.3500000;170.5500000;169.5600000;169.9900000;841197
21/11/17;000000;171.0000000;173.6950000;170.9000000;173.1300000;1190587
22/11/17;000000;173.4200000;175.0000000;173.0700000;174.9100000;1058700
24/11/17;000000;175.0900000;175.4900000;174.6800000;174.9700000;560422
27/11/17;000000;174.9700000;174.9800000;173.3400000;174.0850000;911509
28/11/17;000000;174.2100000;174.8600000;171.8600000;173.0600000;1130286
29/11/17;000000;172.5900000;172.9200000;167.1700000;169.4900000;1909867
30/11/17;000000;170.5200000;172.1400000;168.4550000;171.7100000;1597991
01/12/17;000000;169.9300000;171.6700000;168.5000000;171.0000000;2073343
04/12/17;000000;172.4400000;172.6200000;169.6400000;169.8200000;1750354
05/12/17;000000;169.2800000;171.5100000;168.4200000;169.6400000;1384837
06/12/17;000000;167.3300000;170.1900000;166.5000000;169.0500000;1383688
07/12/17;000000;169.0000000;170.4400000;168.9500000;169.5200000;1525001
08/12/17;000000;170.2400000;170.9800000;168.8200000;169.3400000;1317739
11/12/17;000000;169.1600000;172.8800000;168.8000000;172.6600000;1509482
12/12/17;000000;172.0900000;172.3300000;171.4800000;171.7300000;883975
13/12/17;000000;172.6100000;173.5300000;172.0100000;172.3100000;1303111
14/12/17;000000;172.4400000;173.1200000;171.6600000;172.1800000;1367442
15/12/17;000000;173.5300000;174.1700000;172.5000000;173.9600000;1487115
18/12/17;000000;174.8900000;177.1900000;174.8800000;176.4800000;1291679
19/12/17;000000;174.6800000;175.3900000;174.1000000;174.5400000;1322328
20/12/17;000000;174.8700000;175.4200000;173.2800000;174.3500000;1366899
21/12/17;000000;174.1350000;176.0100000;174.1000000;175.0000000;835357
22/12/17;000000;174.7300000;175.4000000;174.6700000;175.0300000;730906
26/12/17;000000;170.5800000;171.4400000;169.6800000;170.5600000;1540631
27/12/17;000000;170.0600000;170.7600000;169.7100000;170.5600000;967068
28/12/17;000000;170.9600000;171.8400000;170.4900000;171.0500000;688126
29/12/17;000000;170.5200000;170.5200000;169.2200000;169.2700000;1086102
02/01/18;000000;170.1800000;172.3000000;169.2700000;172.2500000;1241498
03/01/18;000000;172.6100000;174.5500000;171.9700000;172.2200000;1439681
04/01/18;000000;172.6900000;173.4600000;172.0900000;172.9900000;1309445
05/01/18;000000;173.4400000;175.2800000;173.0600000;174.9600000;1425249
08/01/18;000000;174.5400000;175.5800000;173.9400000;174.3800000;1153634
09/01/18;000000;174.5300000;175.0500000;173.4200000;174.3300000;1121741
10/01/18;000000;173.1000000;174.2900000;173.0000000;174.2800000;1150416
11/01/18;000000;174.5900000;175.4800000;174.5200000;175.3000000;1065300
12/01/18;000000;176.0700000;177.3600000;175.6700000;176.8800000;1347628
16/01/18;000000;178.0100000;179.3900000;176.1400000;176.1900000;1986331
17/01/18;000000;176.1100000;179.2500000;175.1100000;179.0100000;2030343
18/01/18;000000;179.3800000;180.0900000;178.2600000;179.2600000;1812958
19/01/18;000000;178.5600000;179.5800000;177.4200000;178.4400000;1807085
22/01/18;000000;177.2700000;177.7800000;176.6300000;177.0000000;1546988
23/01/18;000000;177.2500000;179.4400000;176.8200000;176.9700000;1929239
24/01/18;000000;177.2200000;177.2300000;173.2000000;174.2200000;3140260
25/01/18;000000;174.4300000;174.9400000;170.5300000;171.1300000;2181120
26/01/18;000000;171.9200000;172.0000000;170.0600000;171.4000000;2423373
29/01/18;000000;169.8500000;169.8500000;167.0800000;167.9600000;2496846
30/01/18;000000;165.4400000;167.3600000;164.7200000;166.9400000;2604233
31/01/18;000000;166.9000000;168.4400000;166.5000000;167.4700000;1669714
01/02/18;000000;167.1400000;168.6200000;166.7600000;167.8400000;1884225
02/02/18;000000;166.4800000;166.6300000;160.1000000;160.4300000;4089867
05/02/18;000000;159.1000000;163.8800000;156.0000000;156.5800000;4468307
06/02/18;000000;154.9200000;163.7000000;154.0000000;163.1200000;4851634
07/02/18;000000;163.2500000;163.2900000;159.0700000;159.5200000;2736478
08/02/18;000000;160.2500000;161.0000000;155.0400000;155.3000000;2831297
09/02/18;000000;156.6800000;157.8900000;150.2400000;156.2300000;2977287
12/02/18;000000;158.5400000;163.8900000;157.5900000;162.7600000;2585619
13/02/18;000000;161.8100000;164.7400000;161.8100000;164.3400000;1673689
14/02/18;000000;163.0100000;167.5200000;162.9500000;167.3500000;2143360
15/02/18;000000;169.7900000;173.0900000;169.0000000;173.0000000;2637566
16/02/18;000000;172.4600000;174.8100000;171.8000000;172.4500000;2137517
20/02/18;000000;171.9650000;174.2600000;171.4200000;171.8600000;1920514
21/02/18;000000;172.8100000;174.1200000;171.0100000;171.0500000;2133641
22/02/18;000000;171.9100000;173.9400000;171.7400000;172.6100000;1845568
23/02/18;000000;173.7300000;175.6500000;173.5500000;175.5400000;2004629
26/02/18;000000;176.3200000;179.3900000;176.3000000;178.9700000;2225786
27/02/18;000000;179.1500000;180.4700000;178.1600000;178.3600000;3234133
28/02/18;000000;179.2800000;180.6100000;178.0600000;178.1000000;2173708
01/03/18;000000;178.5000000;179.7600000;172.6700000;174.8800000;3424976
02/03/18;000000;172.7500000;176.3000000;172.4600000;176.3000000;3270934
05/03/18;000000;175.1300000;177.7400000;174.5300000;176.8400000;2151177
06/03/18;000000;177.9500000;178.2400000;176.1400000;176.6600000;1690346
07/03/18;000000;175.0000000;175.8300000;174.2700000;175.0400000;2285105
08/03/18;000000;175.4300000;177.1200000;175.0800000;176.9100000;1606314
09/03/18;000000;177.9600000;180.0000000;177.4000000;179.9600000;2136558
12/03/18;000000;180.3100000;182.3900000;180.2200000;181.7200000;1714535
13/03/18;000000;182.5000000;183.4900000;179.2400000;179.9600000;2325954
14/03/18;000000;180.4900000;180.5000000;177.8200000;178.5000000;2244549
15/03/18;000000;178.5000000;180.2200000;178.0900000;178.6500000;1507908
16/03/18;000000;178.6300000;179.1200000;177.6400000;177.8900000;1591653
19/03/18;000000;177.3100000;177.4500000;173.6700000;175.3100000;2371576
20/03/18;000000;175.3000000;176.7900000;174.9600000;175.2500000;1290703
21/03/18;000000;175.0000000;175.0900000;171.2600000;171.3700000;2285499
22/03/18;000000;170.0100000;172.6700000;168.6100000;168.7400000;3101844
23/03/18;000000;168.3900000;169.9200000;164.9500000;164.9800000;3111787
26/03/18;000000;167.9200000;173.1000000;166.4800000;172.8000000;2291953
27/03/18;000000;173.6700000;175.1400000;166.9200000;168.3400000;3726476
28/03/18;000000;167.0600000;170.0000000;165.2200000;166.5500000;3440212
29/03/18;000000;167.9700000;171.7500000;166.9100000;168.0500000;2444279
02/04/18;000000;167.9700000;168.9300000;164.4800000;166.6700000;2755630
03/04/18;000000;167.7500000;168.7200000;164.8900000;168.4100000;2080902
04/04/18;000000;164.9400000;172.0000000;164.8400000;171.5900000;2480591
05/04/18;000000;172.5800000;174.2300000;172.0900000;172.7900000;1552715
06/04/18;000000;170.9000000;172.4700000;168.2000000;168.3500000;2106476
09/04/18;000000;169.8450000;173.0300000;169.8450000;170.0600000;1518760
10/04/18;000000;173.0100000;173.9700000;171.5400000;173.2300000;1943610
11/04/18;000000;171.8800000;173.9200000;171.7300000;172.4200000;1423706
12/04/18;000000;173.3900000;174.9900000;173.0500000;174.1700000;1318733
13/04/18;000000;174.9300000;175.8400000;173.8600000;174.7400000;1439450
16/04/18;000000;175.0100000;176.1900000;174.8800000;175.8900000;1476887
17/04/18;000000;176.4200000;178.9300000;176.4200000;178.2400000;1418294
18/04/18;000000;177.8100000;178.8000000;176.8800000;177.8300000;1226132
19/04/18;000000;174.9600000;175.3600000;172.6600000;172.7900000;2157138
20/04/18;000000;170.5200000;171.2000000;165.4300000;165.7200000;3819187
23/04/18;000000;166.8400000;166.8800000;164.1000000;165.2600000;1875963
24/04/18;000000;165.6700000;166.3200000;161.2500000;162.8700000;2559380
25/04/18;000000;162.6900000;165.4200000;162.4500000;163.7800000;2150168
26/04/18;000000;164.0700000;165.7200000;163.3700000;164.2400000;1864806
27/04/18;000000;164.0600000;164.2200000;160.6300000;162.2900000;2282653
30/04/18;000000;162.1100000;167.2500000;161.8400000;165.2700000;1934574
01/05/18;000000;166.4100000;169.1900000;165.2700000;169.0300000;2096282
02/05/18;000000;175.2500000;177.7500000;173.8100000;176.6100000;3507422
03/05/18;000000;175.8000000;177.5000000;174.4700000;176.8900000;2188069
04/05/18;000000;178.4300000;184.2500000;178.2400000;183.8200000;2601827
07/05/18;000000;185.1900000;187.6600000;184.7600000;185.1000000;2036367
08/05/18;000000;184.9500000;186.2100000;183.6700000;186.0300000;1622545
09/05/18;000000;186.5700000;187.3700000;185.2300000;187.3700000;1457382
10/05/18;000000;187.7300000;190.3500000;187.6900000;190.0000000;1793141
11/05/18;000000;189.4700000;190.0600000;187.4500000;188.5800000;1649891
14/05/18;000000;189.0500000;189.5200000;187.8700000;188.1100000;856763
15/05/18;000000;186.8800000;187.0500000;185.1100000;186.4400000;1541000
16/05/18;000000;186.1400000;188.4500000;186.0000000;188.1550000;940691
17/05/18;000000;187.9400000;188.9000000;186.3600000;187.0000000;926105
18/05/18;000000;187.2000000;187.8100000;186.1400000;186.3000000;975760
21/05/18;000000;188.0400000;189.2700000;186.9200000;187.6100000;899703
22/05/18;000000;188.4300000;188.8800000;186.8000000;187.3000000;639624
23/05/18;000000;186.3200000;188.5000000;185.7600000;188.4400000;1012129
24/05/18;000000;188.8000000;188.8300000;186.2200000;188.2100000;1433621
25/05/18;000000;188.2300000;189.6500000;187.6800000;188.5500000;1241772
29/05/18;000000;187.7200000;188.7400000;186.8800000;187.8600000;1616137
30/05/18;000000;187.7800000;187.9700000;186.7800000;187.4900000;1180656
31/05/18;000000;187.1500000;188.2300000;186.1500000;186.8700000;1656601
01/06/18;000000;187.9400000;190.2500000;187.7500000;190.2200000;1911804
04/06/18;000000;191.6700000;193.4100000;191.3500000;191.8100000;1878749
05/06/18;000000;193.1100000;193.9400000;192.3700000;193.3200000;1467202
06/06/18;000000;193.6500000;194.0700000;191.9200000;194.0700000;1318342
07/06/18;000000;194.1500000;194.1700000;192.3500000;193.5000000;1431213
08/06/18;000000;191.0700000;192.0000000;189.7700000;191.4800000;1892176
11/06/18;000000;191.3500000;191.9550000;190.2200000;191.2700000;1225008
12/06/18;000000;191.3800000;192.6100000;191.1600000;192.2500000;1035137
13/06/18;000000;192.5800000;192.8700000;190.4600000;190.6900000;1402543
14/06/18;000000;191.4100000;191.5300000;190.2200000;190.7500000;1422952
15/06/18;000000;190.1600000;190.1600000;188.3100000;188.9100000;2117292
18/06/18;000000;187.6700000;189.2200000;187.2500000;188.7600000;1315998
19/06/18;000000;185.2600000;186.3100000;183.4600000;185.7700000;2018580
20/06/18;000000;186.3300000;187.2000000;185.7300000;186.5500000;1607151
21/06/18;000000;187.2500000;188.3400000;184.9500000;185.4800000;1792867
22/06/18;000000;186.0300000;186.1400000;184.8300000;184.9600000;1354407
25/06/18;000000;183.4500000;184.9200000;180.7300000;182.2100000;2858475
26/06/18;000000;182.6200000;186.5200000;182.5500000;184.4400000;1967509
27/06/18;000000;185.3800000;187.2700000;184.0300000;184.3500000;2717732
28/06/18;000000;184.0200000;186.2100000;183.8700000;185.4700000;1859288
29/06/18;000000;186.3000000;187.1900000;182.9100000;182.9100000;1768968
02/07/18;000000;183.8400000;187.3000000;183.4300000;187.1900000;1338437
03/07/18;000000;187.7100000;187.9500000;183.5500000;183.7100000;1247176
05/07/18;000000;185.2900000;186.4100000;184.3000000;185.3800000;1297786
06/07/18;000000;185.2600000;188.4300000;185.2500000;188.0400000;1444414
09/07/18;000000;189.4500000;190.6700000;189.3200000;190.5900000;1301263
10/07/18;000000;190.7100000;191.2800000;190.2000000;190.3800000;1136828
11/07/18;000000;188.6000000;189.7700000;187.6500000;187.9200000;1531729
12/07/18;000000;189.4100000;191.4100000;189.3500000;191.0300000;1286143
13/07/18;000000;191.1000000;191.8300000;190.9000000;191.3300000;978709
16/07/18;000000;191.6300000;192.6400000;190.4200000;190.9200000;1011805
17/07/18;000000;189.7700000;191.8700000;189.2300000;191.5500000;1275570
18/07/18;000000;191.7500000;191.7700000;189.9400000;190.4000000;1366003
19/07/18;000000;189.8000000;192.5400000;189.7700000;192.0000000;1660647
20/07/18;000000;191.9300000;192.4300000;190.1700000;191.6600000;1535734
23/07/18;000000;190.8000000;191.9600000;189.5700000;191.6000000;1205731
24/07/18;000000;192.2350000;193.6600000;192.0600000;192.9900000;1603263
25/07/18;000000;192.9500000;194.8300000;192.4350000;194.8300000;1639081
26/07/18;000000;194.6000000;195.9500000;193.6100000;194.2300000;1568779
27/07/18;000000;194.9900000;195.1800000;190.1200000;190.9100000;2245646
30/07/18;000000;191.9300000;192.1900000;189.0700000;189.9900000;1962244
31/07/18;000000;190.2900000;192.1300000;189.3500000;190.6100000;2409053
01/08/18;000000;199.1200000;201.7600000;197.3500000;201.6300000;4981895
02/08/18;000000;200.4900000;208.3700000;200.3500000;207.4300000;5104848
03/08/18;000000;207.0200000;208.7300000;205.4900000;208.0000000;2387992
06/08/18;000000;207.9300000;209.2500000;207.0700000;209.0600000;1701639
07/08/18;000000;209.3200000;209.4800000;206.7600000;207.1200000;2218184
08/08/18;000000;206.0500000;207.8000000;204.5400000;207.2600000;1982061
09/08/18;000000;207.2800000;209.7800000;207.2800000;208.9900000;2006633
10/08/18;000000;207.3000000;209.1000000;206.6800000;207.5300000;2437109
13/08/18;000000;207.8000000;210.9500000;207.7600000;208.8700000;2899486
14/08/18;000000;210.1700000;210.5300000;208.2800000;209.7450000;1480820
15/08/18;000000;209.0100000;210.7200000;208.3300000;210.1500000;2333481
16/08/18;000000;211.8000000;213.8100000;211.4700000;213.4800000;2000139
17/08/18;000000;213.4800000;217.9300000;213.2000000;217.6000000;2707632
20/08/18;000000;218.1000000;219.1700000;215.1100000;215.4900000;2061548
21/08/18;000000;216.7700000;217.1900000;214.0300000;215.0400000;1980188
22/08/18;000000;214.1600000;216.3500000;213.8500000;215.0700000;1391455
23/08/18;000000;214.6900000;217.0400000;214.6100000;215.5700000;1483603
24/08/18;000000;216.4700000;216.8900000;215.1200000;216.1200000;1522002
27/08/18;000000;217.0300000;218.7200000;216.3400000;217.9900000;1634979
28/08/18;000000;219.0000000;220.5400000;218.9200000;219.8000000;1882624
29/08/18;000000;220.1600000;223.4600000;219.4200000;222.9800000;2230767
30/08/18;000000;223.2500000;228.2600000;222.4100000;225.0700000;3770284
31/08/18;000000;226.5200000;228.8700000;226.2400000;227.5400000;3106849
04/09/18;000000;228.3900000;229.1700000;226.6400000;228.3300000;1868740
05/09/18;000000;228.9900000;229.6600000;225.1100000;226.9000000;2125867
06/09/18;000000;226.2400000;227.3100000;221.3200000;223.1100000;2542976
07/09/18;000000;221.8600000;225.3700000;220.7100000;221.4400000;2780059
10/09/18;000000;221.0000000;221.8200000;216.4700000;218.4700000;2023802
11/09/18;000000;217.9000000;224.2900000;216.5600000;223.8900000;2257767
12/09/18;000000;224.9000000;225.0000000;219.8400000;221.0300000;2191681
13/09/18;000000;223.6000000;228.3500000;222.5700000;226.3900000;2248709
14/09/18;000000;225.7500000;226.8400000;222.5700000;223.6400000;1594765
17/09/18;000000;222.0200000;222.9200000;218.3200000;218.3700000;1761501
18/09/18;000000;217.7900000;221.8100000;217.1400000;218.4000000;1887918
19/09/18;000000;218.4900000;219.5600000;215.3000000;218.3200000;1649077
20/09/18;000000;220.2900000;222.2800000;219.2100000;220.0000000;1579473
21/09/18;000000;221.0100000;221.3500000;217.2900000;217.6500000;2050452
24/09/18;000000;216.8200000;221.2500000;216.6600000;220.8300000;1103893
25/09/18;000000;219.7500000;222.8000000;219.7000000;222.2100000;1024247
26/09/18;000000;221.0800000;223.7400000;219.8300000;220.5500000;1017890
27/09/18;000000;223.8300000;226.4400000;223.5700000;225.0900000;1368245
28/09/18;000000;224.7700000;225.8300000;224.0700000;225.7600000;1398864
01/10/18;000000;228.0200000;229.4100000;226.3500000;227.2700000;1046486
02/10/18;000000;227.3200000;230.0000000;226.6800000;229.3000000;1315373
03/10/18;000000;230.1300000;233.4500000;229.7800000;232.0300000;1628122
04/10/18;000000;230.9900000;232.3500000;226.7400000;227.8700000;2241611
05/10/18;000000;227.9600000;228.1700000;220.6300000;224.0700000;1693825
08/10/18;000000;222.2200000;224.7800000;220.2200000;223.7600000;1557764
09/10/18;000000;223.6000000;227.2600000;222.2600000;226.8700000;1493353
10/10/18;000000;225.6100000;226.3400000;216.2400000;216.4800000;1793915
11/10/18;000000;214.5000000;219.4800000;212.3400000;214.4800000;2474606
12/10/18;000000;220.5700000;222.8800000;216.8500000;222.1600000;1792151
15/10/18;000000;221.0200000;221.7800000;217.2800000;217.3000000;1682088
16/10/18;000000;219.0000000;222.9300000;216.8200000;222.1200000;1430682
17/10/18;000000;222.2450000;222.6200000;219.3500000;221.1800000;1289754
18/10/18;000000;217.8600000;219.7300000;214.8800000;216.1700000;1774590
19/10/18;000000;218.0100000;221.2600000;217.4400000;219.2600000;1637857
22/10/18;000000;218.9400000;223.3400000;218.9400000;220.6100000;1496403
23/10/18;000000;215.8300000;223.2500000;214.7500000;222.7400000;1750828
24/10/18;000000;222.6100000;224.2300000;214.5500000;215.0200000;2028697
25/10/18;000000;217.5200000;221.3600000;216.8100000;219.8100000;1490257
26/10/18;000000;215.8900000;220.1800000;212.7000000;216.0400000;2048447
29/10/18;000000;219.2300000;219.6700000;207.0500000;212.5400000;2076217
30/10/18;000000;211.1600000;215.1800000;209.3050000;213.3500000;1340324
31/10/18;000000;217.7400000;220.4300000;216.6600000;218.8500000;1961984
01/11/18;000000;219.0600000;222.3600000;216.8100000;222.0600000;1606680
02/11/18;000000;209.5200000;213.6400000;205.4300000;207.0900000;2989875
05/11/18;000000;204.2600000;204.2600000;198.1700000;201.5600000;2751312
06/11/18;000000;201.9900000;204.6800000;201.6900000;203.9300000;1070265
07/11/18;000000;205.9600000;210.0000000;204.1500000;210.0000000;1274398
08/11/18;000000;210.0000000;210.1100000;206.7800000;208.4900000;1076393
09/11/18;000000;205.5500000;206.0000000;202.2800000;204.5300000;1581035
12/11/18;000000;198.9400000;199.8200000;193.8000000;194.1800000;2305079
13/11/18;000000;191.6600000;197.1700000;191.4800000;192.2300000;2547740
14/11/18;000000;193.7350000;194.4500000;185.9400000;186.7300000;3611996
15/11/18;000000;188.4100000;191.9400000;186.9000000;191.4200000;2428971
16/11/18;000000;190.5300000;194.9500000;189.4900000;193.5500000;2196314
19/11/18;000000;190.0000000;190.7000000;185.0000000;185.8600000;2300980
20/11/18;000000;178.4100000;181.4700000;175.5100000;176.8900000;3934939
21/11/18;000000;179.6000000;180.2700000;176.5500000;176.7700000;1502077
23/11/18;000000;174.9900000;176.5400000;172.1000000;172.2800000;1154797
26/11/18;000000;174.1750000;174.9400000;170.2600000;174.6200000;1553758
27/11/18;000000;171.7700000;174.7700000;170.9000000;174.2500000;1622719
28/11/18;000000;176.7100000;181.2600000;174.9400000;181.0000000;1834724
29/11/18;000000;182.7000000;182.7700000;177.7000000;179.5400000;1801808
30/11/18;000000;180.3300000;180.3300000;177.0400000;178.6100000;1567621
03/12/18;000000;184.4400000;184.9200000;181.2300000;184.9000000;1677994
04/12/18;000000;180.8900000;182.3800000;176.2700000;176.7400000;1675935
06/12/18;000000;171.7800000;174.7800000;170.4300000;174.7600000;2194950
07/12/18;000000;173.5800000;174.4900000;168.3300000;168.4300000;2129716
10/12/18;000000;165.0000000;170.0700000;163.7500000;169.6100000;3173622
11/12/18;000000;171.7500000;171.7600000;167.0000000;168.5900000;2008341
12/12/18;000000;170.3200000;171.9100000;169.0300000;169.0900000;1541844
13/12/18;000000;170.4400000;172.5600000;169.6100000;170.9500000;1634144
14/12/18;000000;169.0000000;169.0400000;165.2800000;165.4000000;2280014
17/12/18;000000;165.5800000;168.3500000;162.7300000;164.1000000;2292293
18/12/18;000000;165.2500000;167.5200000;164.4000000;165.8100000;1614777
19/12/18;000000;165.9400000;167.4300000;159.1400000;160.7600000;2661229
20/12/18;000000;160.4000000;162.0600000;155.3000000;156.8700000;3955605
21/12/18;000000;156.7800000;158.1400000;149.6400000;150.8000000;3213434
24/12/18;000000;148.1200000;151.5100000;146.6200000;146.6400000;1483113
26/12/18;000000;148.1400000;157.2200000;146.7300000;157.1500000;3035953
27/12/18;000000;155.9000000;156.5900000;150.0800000;156.4700000;2688875
28/12/18;000000;157.4700000;158.5200000;154.5500000;156.1700000;2276212
31/12/18;000000;158.5000000;159.3300000;156.5100000;157.7500000;1319438
02/01/19;000000;154.9000000;158.8000000;154.2500000;157.8800000;1621545
03/01/19;000000;143.9800000;145.7100000;142.0000000;142.0850000;3532590
04/01/19;000000;144.4500000;148.5200000;143.8000000;148.2700000;2364907
07/01/19;000000;148.6600000;148.8200000;145.9100000;147.8300000;2671122
08/01/19;000000;149.7400000;151.8000000;148.5300000;150.8000000;1864845
09/01/19;000000;151.5500000;154.5100000;149.6700000;153.3400000;2360624
10/01/19;000000;152.5000000;153.9600000;150.8700000;153.7800000;1539551
11/01/19;000000;152.8800000;153.6700000;151.5150000;152.1600000;1373133
14/01/19;000000;150.9600000;151.2500000;149.2200000;149.9800000;1702529
15/01/19;000000;150.2700000;153.3900000;150.0500000;153.1000000;1410558
16/01/19;000000;153.0500000;155.8600000;153.0000000;154.9000000;1324168
17/01/19;000000;154.2400000;157.6500000;153.2700000;155.8600000;1644952
18/01/19;000000;157.5300000;157.8700000;155.9900000;156.8200000;1474163
22/01/19;000000;156.4100000;156.6900000;152.6800000;153.7000000;1293386
23/01/19;000000;154.0800000;155.1300000;151.7200000;153.9000000;1169072
24/01/19;000000;153.8500000;154.4800000;151.7400000;152.6900000;1295207
25/01/19;000000;155.3000000;158.1300000;154.3200000;157.6900000;1506179
28/01/19;000000;155.7800000;156.3200000;153.6700000;156.3200000;997950
29/01/19;000000;156.2500000;158.1200000;154.1200000;154.6600000;1375082
30/01/19;000000;163.2400000;166.1400000;160.2600000;165.2400000;2690784
31/01/19;000000;166.1100000;169.0000000;164.5700000;166.2800000;1866874
01/02/19;000000;166.9600000;168.9800000;165.9500000;166.5700000;1577981
04/02/19;000000;167.4000000;171.6550000;167.3600000;171.2400000;1736584
05/02/19;000000;172.8600000;175.0800000;172.3600000;174.1100000;1910472
06/02/19;000000;174.8000000;175.5700000;172.8600000;174.2800000;1483647
07/02/19;000000;172.3400000;173.9300000;170.3400000;171.0100000;1923881
08/02/19;000000;168.9000000;170.6400000;168.4400000;170.5100000;1467593
11/02/19;000000;171.1450000;171.1600000;169.2500000;169.4700000;1081411
12/02/19;000000;170.1500000;171.0000000;169.7000000;170.8800000;960145
13/02/19;000000;171.5700000;172.4700000;169.9200000;170.1700000;1084778
14/02/19;000000;169.7000000;171.2600000;169.3900000;170.7900000;1242375
15/02/19;000000;171.2600000;171.7000000;169.7600000;170.3500000;1234921
19/02/19;000000;169.5000000;171.4400000;169.5000000;170.9200000;720892
20/02/19;000000;171.1800000;173.3200000;171.0000000;172.0700000;1131534
21/02/19;000000;171.7600000;172.3500000;170.3100000;171.1300000;1007568
22/02/19;000000;171.3900000;172.9800000;171.3900000;172.9700000;968692
25/02/19;000000;174.2500000;175.8700000;173.9500000;174.2400000;1339516
26/02/19;000000;173.6900000;175.3000000;173.1900000;174.3300000;986144
27/02/19;000000;173.2400000;174.9900000;172.7400000;174.8700000;1072721
28/02/19;000000;174.3200000;174.9000000;172.9200000;173.2800000;1408580
01/03/19;000000;174.3500000;175.1400000;172.8900000;174.8900000;1411913
04/03/19;000000;176.0000000;177.7400000;173.9800000;175.8500000;1928499
05/03/19;000000;175.8900000;175.9400000;174.5500000;175.5200000;1022910
06/03/19;000000;174.6800000;175.4900000;173.9400000;174.5100000;1285160
07/03/19;000000;173.9500000;174.3700000;172.0200000;172.4700000;1612757
08/03/19;000000;170.3200000;173.0500000;169.5000000;172.9300000;1607869
11/03/19;000000;175.6100000;179.1200000;175.3700000;179.0000000;1632102
12/03/19;000000;179.9500000;182.6600000;179.3800000;180.9800000;2247373
13/03/19;000000;182.2900000;183.2300000;180.9200000;181.7000000;1701438
14/03/19;000000;183.9600000;184.0900000;182.5700000;183.7400000;1383101
15/03/19;000000;184.8200000;187.3200000;183.7500000;186.0900000;1806386
18/03/19;000000;185.8300000;188.3800000;185.7900000;188.0500000;1399132
19/03/19;000000;188.4400000;188.9800000;185.9300000;186.5700000;1787215
20/03/19;000000;186.2200000;189.4900000;184.7300000;188.1500000;2149166
21/03/19;000000;190.1100000;196.3200000;189.8100000;195.0100000;2766398
22/03/19;000000;195.3000000;197.6600000;190.7900000;191.0500000;2551458
25/03/19;000000;191.5300000;191.9400000;186.6300000;188.7600000;2501039
26/03/19;000000;191.5700000;192.8800000;184.6000000;186.7800000;2481897
27/03/19;000000;188.7500000;189.7500000;186.6000000;188.4800000;1364658
28/03/19;000000;188.9300000;189.5500000;187.5400000;188.7000000;1331315
29/03/19;000000;189.9700000;190.0100000;188.5500000;189.9400000;1153166
01/04/19;000000;191.6300000;191.6600000;188.3900000;191.2100000;1624761
02/04/19;000000;191.1300000;194.4600000;191.1100000;194.0400000;1367821
03/04/19;000000;193.2800000;196.5000000;193.1900000;195.3600000;1410875
04/04/19;000000;194.8400000;196.3700000;194.8000000;195.7200000;1165086
05/04/19;000000;196.4500000;197.0700000;195.9600000;197.0600000;1070564
08/04/19;000000;196.4200000;200.2100000;196.3700000;200.0800000;1109622
09/04/19;000000;200.3700000;202.8500000;199.2400000;199.6000000;1698985
10/04/19;000000;198.7600000;200.7300000;198.1800000;200.6500000;1121838
11/04/19;000000;200.7900000;200.9200000;198.4600000;198.9400000;1307602
12/04/19;000000;199.2000000;200.1200000;196.2400000;198.8900000;1769339
15/04/19;000000;198.6000000;199.8200000;198.0100000;199.2300000;1053777
16/04/19;000000;199.3900000;201.3600000;198.5600000;199.2500000;1781284
17/04/19;000000;199.3000000;203.3800000;198.6400000;203.1600000;1723528
18/04/19;000000;203.2100000;204.1400000;202.5200000;203.8500000;1260916
22/04/19;000000;202.6700000;204.9400000;202.3700000;204.6300000;988441
23/04/19;000000;204.4800000;207.7500000;203.9100000;207.5000000;1480636
24/04/19;000000;207.2600000;208.4800000;207.0500000;207.0900000;1084237
25/04/19;000000;206.8300000;207.7400000;205.1300000;205.2200000;1377503
26/04/19;000000;204.8900000;204.9400000;202.1200000;204.2900000;1359337
29/04/19;000000;204.3300000;205.9700000;203.9000000;204.5900000;1057906
30/04/19;000000;203.0000000;203.3900000;199.1400000;200.5700000;2311233
01/05/19;000000;210.1200000;215.3100000;209.2500000;210.5700000;3182386
02/05/19;000000;209.6500000;212.6300000;208.1800000;209.1800000;1956418
03/05/19;000000;210.7300000;211.7900000;210.2300000;211.7200000;1157094
06/05/19;000000;204.1700000;208.8300000;203.5300000;208.5200000;1830729
07/05/19;000000;205.8900000;207.3900000;200.8400000;202.8900000;1831645
08/05/19;000000;202.0600000;205.3300000;201.7600000;202.9000000;1286385
09/05/19;000000;200.5300000;201.6800000;196.6700000;200.6800000;1904162
10/05/19;000000;197.4400000;198.8100000;192.7700000;197.3000000;2455083
13/05/19;000000;187.5000000;189.4800000;184.7200000;185.7100000;2101071
14/05/19;000000;186.3700000;189.7000000;185.4100000;188.6200000;1579746
15/05/19;000000;186.2800000;191.7400000;186.0200000;190.9500000;1454345
16/05/19;000000;189.6500000;192.4600000;188.8400000;190.1500000;1423772
17/05/19;000000;186.7600000;190.8800000;186.7600000;188.9600000;1402633
20/05/19;000000;183.5100000;184.3400000;180.3200000;183.0900000;1753819
21/05/19;000000;185.2100000;187.9900000;184.7100000;186.6000000;1318184
22/05/19;000000;184.5900000;185.7100000;182.5700000;182.7700000;1564113
23/05/19;000000;179.8000000;180.5300000;177.8100000;179.6700000;1814393
24/05/19;000000;180.3000000;182.1400000;178.6200000;179.0600000;1357817
28/05/19;000000;178.9200000;180.5900000;177.9200000;178.1700000;1199781
29/05/19;000000;176.4000000;179.3300000;176.0000000;177.4700000;1159345
30/05/19;000000;177.9900000;179.2300000;176.6700000;178.2600000;1104658
31/05/19;000000;176.2400000;177.9800000;175.0000000;175.0100000;1482848
03/06/19;000000;175.5100000;177.9200000;170.2800000;173.2100000;1785321
04/06/19;000000;175.4400000;179.8200000;174.5500000;179.7300000;1968835
05/06/19;000000;184.2500000;184.9800000;181.1600000;182.5600000;1881676
06/06/19;000000;183.0800000;185.4400000;182.1600000;185.2300000;1405740
07/06/19;000000;186.6400000;191.9100000;185.8100000;190.1500000;2355392
10/06/19;000000;191.6750000;195.3700000;191.6750000;192.5200000;1653092
11/06/19;000000;194.9300000;195.9900000;193.6000000;194.8050000;1321493
12/06/19;000000;193.9500000;195.9400000;193.4700000;194.1600000;944944
13/06/19;000000;194.7000000;196.7900000;193.7200000;194.7300000;1061211
14/06/19;000000;191.5450000;193.5800000;190.3000000;192.8300000;1108675
17/06/19;000000;192.8600000;194.9300000;192.2100000;193.9100000;748281
18/06/19;000000;195.9800000;200.2900000;195.2300000;198.5100000;1543156
19/06/19;000000;199.6800000;199.8800000;197.3500000;197.8600000;1123132
20/06/19;000000;200.3700000;200.5400000;198.0300000;199.4100000;963129
21/06/19;000000;198.5800000;200.8300000;198.2100000;198.7700000;1455472
24/06/19;000000;198.6400000;200.1500000;198.2200000;198.5600000;784725
25/06/19;000000;198.5600000;199.2600000;195.3600000;195.5700000;1211670
26/06/19;000000;197.8700000;200.9900000;197.3700000;199.8000000;1569316
27/06/19;000000;200.1500000;201.5650000;199.5700000;199.7400000;864322
28/06/19;000000;198.6600000;199.4500000;197.0500000;197.9300000;1061831
01/07/19;000000;203.1700000;204.4800000;200.6500000;201.4600000;1078126
02/07/19;000000;201.4550000;203.1100000;201.3800000;202.7300000;687106
03/07/19;000000;203.1800000;204.4200000;202.7000000;204.4000000;393810
05/07/19;000000;203.0400000;205.0800000;202.9500000;204.2200000;761285
08/07/19;000000;200.8100000;201.3800000;198.4100000;199.9900000;1049990
09/07/19;000000;199.2100000;201.4800000;198.8300000;201.2500000;1025723
10/07/19;000000;201.9450000;203.7100000;201.5900000;203.1700000;839629
11/07/19;000000;203.1600000;204.3800000;201.8000000;201.8200000;1051170
12/07/19;000000;202.4300000;204.0000000;202.2400000;203.2400000;999464
15/07/19;000000;204.0600000;205.8600000;204.0300000;205.1800000;763509
16/07/19;000000;204.7000000;206.1100000;203.5100000;204.4700000;756159
17/07/19;000000;204.1600000;205.0900000;203.2800000;203.2800000;740513
18/07/19;000000;203.8900000;205.8750000;203.7250000;205.6300000;997875
19/07/19;000000;205.8100000;206.5000000;202.3700000;202.5800000;1120709
22/07/19;000000;203.6500000;207.2100000;203.6400000;207.2100000;1207056
23/07/19;000000;208.3700000;208.9100000;207.3000000;208.8400000;902471
24/07/19;000000;207.6700000;209.1400000;207.1800000;208.6300000;686671
25/07/19;000000;208.8700000;209.2200000;206.7450000;207.1000000;748298
26/07/19;000000;207.5800000;209.7200000;207.4100000;207.8400000;1042863
29/07/19;000000;208.5000000;210.6400000;208.4600000;209.6800000;1126399
30/07/19;000000;208.7300000;210.1500000;207.3100000;208.8900000;1553775
31/07/19;000000;216.4200000;221.3600000;211.3600000;213.0400000;4202221
01/08/19;000000;213.9000000;218.0250000;206.7700000;208.4100000;2438893
02/08/19;000000;205.0600000;206.4200000;201.6400000;203.9600000;2820369
05/08/19;000000;197.8400000;198.6300000;192.5900000;193.1900000;2922834
06/08/19;000000;196.4350000;198.0500000;194.0400000;196.9200000;2185491
07/08/19;000000;195.4800000;199.5500000;193.8700000;199.1500000;1571605
08/08/19;000000;200.5500000;203.4950000;199.4800000;203.3400000;1649102
09/08/19;000000;201.2900000;202.7600000;199.3200000;200.9400000;1025375
12/08/19;000000;199.5900000;202.0400000;199.1500000;200.4900000;899844
13/08/19;000000;201.0000000;212.1200000;200.8300000;209.1600000;1637638
14/08/19;000000;203.0100000;206.4300000;202.6000000;202.8200000;2024336
15/08/19;000000;203.3500000;205.1200000;199.7300000;201.7200000;1245785
16/08/19;000000;204.0300000;207.1500000;203.8600000;206.5700000;1959948
19/08/19;000000;210.6800000;212.7100000;210.1000000;210.3200000;1524047
20/08/19;000000;210.7800000;213.3500000;210.5000000;210.5700000;1748645
21/08/19;000000;212.9900000;213.6500000;211.8600000;212.6200000;1301203
22/08/19;000000;213.1900000;214.4300000;210.7800000;212.4500000;1289616
23/08/19;000000;209.3800000;212.0500000;201.8600000;202.7900000;2220761
26/08/19;000000;205.9100000;207.1900000;205.0600000;206.3100000;1457324
27/08/19;000000;207.9100000;208.5400000;203.5400000;204.2400000;1075525
28/08/19;000000;204.1700000;205.7000000;203.3500000;205.4100000;979883
29/08/19;000000;208.4000000;209.3000000;206.7000000;209.1000000;1280125
30/08/19;000000;210.1600000;210.4300000;207.2200000;208.4100000;1110359
03/09/19;000000;206.2100000;206.9800000;204.2300000;205.6950000;1253964
04/09/19;000000;208.4000000;209.4600000;207.3400000;209.1700000;1127582
05/09/19;000000;211.9800000;213.9600000;211.5100000;213.2400000;1405517
06/09/19;000000;214.1300000;214.3900000;212.5200000;213.3300000;1366580
09/09/19;000000;214.7500000;216.4400000;213.8500000;214.2000000;1666717
10/09/19;000000;213.7900000;216.7700000;211.7100000;216.7700000;1743436
11/09/19;000000;218.0750000;223.5950000;217.7500000;223.4700000;2843367
12/09/19;000000;224.7500000;226.3250000;222.8800000;223.0900000;1677487
13/09/19;000000;219.7600000;220.7800000;217.0200000;218.5250000;2566494
16/09/19;000000;217.6350000;220.1100000;217.5700000;219.8900000;1040049
17/09/19;000000;219.9600000;220.8100000;219.1300000;220.7300000;999797
18/09/19;000000;221.0900000;222.7900000;219.4600000;222.6200000;1502572
19/09/19;000000;222.1500000;223.7600000;220.3900000;220.9600000;1403024
20/09/19;000000;221.3900000;222.5200000;217.4800000;217.6700000;1680918
23/09/19;000000;218.9200000;219.8300000;217.7100000;218.7000000;627718
24/09/19;000000;221.0000000;222.4800000;217.2300000;217.5900000;1634829
25/09/19;000000;218.5500000;221.4600000;217.1700000;221.0500000;1321914
26/09/19;000000;219.9500000;220.9300000;218.8300000;219.5100000;982409
27/09/19;000000;220.5250000;220.9300000;217.3100000;218.7300000;1455003
30/09/19;000000;220.9700000;224.5800000;220.8400000;224.0600000;1201437
01/10/19;000000;225.0000000;228.1900000;224.2600000;224.5850000;1851260
02/10/19;000000;223.0700000;223.5600000;217.9300000;219.1800000;1684015
03/10/19;000000;218.5500000;220.9600000;215.1700000;220.7650000;1296146
04/10/19;000000;225.5300000;227.4850000;223.9200000;226.9100000;1939485
07/10/19;000000;226.3400000;229.9200000;225.9100000;227.0300000;1451338
08/10/19;000000;225.7200000;228.0400000;224.4300000;224.5800000;1565935
09/10/19;000000;227.0300000;227.7800000;225.6500000;226.8500000;892863
10/10/19;000000;227.9300000;230.4400000;227.3200000;230.0400000;1784568
11/10/19;000000;232.9700000;237.6000000;232.3500000;236.2700000;1019343
14/10/19;000000;234.7300000;238.1200000;234.7300000;235.9200000;899575
15/10/19;000000;236.3600000;237.6100000;234.9100000;235.4000000;854886
16/10/19;000000;233.3700000;235.2200000;233.2050000;234.4000000;773479
17/10/19;000000;235.4600000;236.1200000;233.5300000;235.3100000;722304
18/10/19;000000;234.6000000;237.5800000;234.2900000;236.5850000;1113398
21/10/19;000000;237.6100000;240.9800000;237.5200000;240.4800000;1107075
22/10/19;000000;241.1600000;242.2000000;239.6300000;240.1600000;1319283
23/10/19;000000;242.0650000;243.2400000;241.2300000;243.1800000;1130942
24/10/19;000000;244.4400000;244.7800000;241.8100000;243.3200000;1233601
25/10/19;000000;243.0300000;246.7200000;242.9300000;246.6600000;1399514
28/10/19;000000;247.4100000;249.1900000;246.7400000;249.1200000;1142421
29/10/19;000000;249.0500000;249.7200000;242.5800000;243.3200000;2109976
30/10/19;000000;244.7600000;245.2600000;241.2100000;243.3000000;1392361
31/10/19;000000;247.2300000;249.1700000;245.6000000;248.9100000;2011619
01/11/19;000000;249.5400000;255.8800000;249.2100000;255.8100000;3024640
04/11/19;000000;257.3900000;257.8300000;255.3900000;257.5300000;1595065
05/11/19;000000;257.0700000;258.1900000;256.3400000;257.1100000;1291399
06/11/19;000000;256.7700000;257.4800000;255.3700000;257.2300000;1301920
07/11/19;000000;258.7500000;260.3400000;258.1200000;259.4000000;1812851
08/11/19;000000;258.7000000;260.0600000;256.8500000;260.0100000;1155154
11/11/19;000000;258.3100000;262.4600000;258.3000000;262.1300000;1264161
12/11/19;000000;261.5300000;262.7900000;260.9200000;261.9200000;1359245
13/11/19;000000;261.1300000;264.7800000;261.0900000;264.5800000;1656821
14/11/19;000000;263.8900000;264.8700000;262.1000000;262.8050000;1648000
15/11/19;000000;263.8800000;265.6600000;263.0100000;265.5900000;1541239
18/11/19;000000;266.0000000;267.4300000;264.2500000;267.0300000;1130925
19/11/19;000000;267.9000000;267.9500000;265.4100000;266.2400000;1028095
20/11/19;000000;265.5400000;266.0700000;260.4100000;262.8400000;1501015
21/11/19;000000;263.5100000;264.0000000;261.2000000;262.0800000;1191640
22/11/19;000000;262.5700000;263.1700000;260.8400000;261.9300000;1093154
25/11/19;000000;262.6300000;266.3700000;262.5800000;266.3300000;1025419
26/11/19;000000;266.9400000;267.0400000;264.9800000;265.0200000;1183197
27/11/19;000000;265.8000000;267.9500000;265.3200000;267.9200000;1133272
29/11/19;000000;266.2600000;268.0000000;265.9300000;267.6100000;636955
02/12/19;000000;267.2300000;268.1900000;263.4600000;264.7600000;1388052
03/12/19;000000;258.1600000;259.5300000;256.2900000;259.4600000;1603236
04/12/19;000000;261.0300000;263.3100000;260.7000000;261.8100000;1015819
05/12/19;000000;263.7900000;265.8900000;262.7500000;265.5000000;1176694
06/12/19;000000;267.5200000;271.0000000;267.4800000;270.5800000;1967823
